-,-,-
-411, 826, 85
-164, 1997, 495
120, 1997, 922
120, 1997, 922
-598, 1764, 1586
393, -994, 362
1279, -1998, -1777
904, -1998, -1997
1017, -1998, -766
1151, -1998, 871
1172, -1998, 809
1400, -1541, -868
1209, -986, -700
802, -988, 944
619, -1096, 1336
543, -1168, 725
504, -1285, 47
502, -1270, -503
455, -1271, -689
-,-,-
-391, 223, 75
-391, 223, 75
-635, 1735, 405
-266, 1997, 658
83, 1997, 1132
597, 955, 1025
1539, -1970, -1151
1186, -1998, -1431
767, -1998, -1161
1041, -1998, -43
1150, -1982, 536
1083, -1589, 878
1003, -1157, 514
-,-,-
-496, 1782, 515
232, 1997, 888
793, 1997, 919
679, 332, 824
1359, -1998, -1198
1537, -1998, -1992
1101, -1998, -791
814, -1998, 759
794, -1998, 398
869, -1998, 0
869, -1998, 0
789, -1552, -127
686, -923, 178
-,-,-
-212, 408, 155
-212, 408, 155
-231, 1798, 661
330, 1997, 1134
695, 1997, 797
470, 1845, 537
894, -430, -474
1794, -1996, -637
1997, -1998, -908
1997, -1998, 697
1294, -1998, 516
273, -1998, -754
395, -1998, -885
665, -1863, -262
706, -1308, 233
622, -1150, 395
-,-,-
-164, 694, 293
-32, 1920, 1178
647, 1997, 1329
529, 1997, 1041
285, 729, 586
660, -1819, -814
1195, -1998, -1621
1574, -1998, -1031
1612, -1998, 703
1729, -1998, 1200
936, -1998, 246
-,-,-
-195, -259, 76
-166, 97, 48
-236, 1024, 274
-39, 1994, 750
484, 1997, 1065
345, 1997, 1533
1050, 90, 441
1050, 90, 441
1549, -1988, -1280
1976, -1998, -1071
1882, -1998, 290
918, -1998, 418
-,-,-
-177, -90, 42
-180, 262, 106
-240, 1311, 583
257, 1997, 1300
938, 1997, 1108
878, 1751, 1006
706, -1138, 351
706, -1138, 351
799, -1998, -732
1547, -1998, -1617
1947, -1998, -934
-,-,-
-341, 1913, 658
326, 1997, 617
326, 1997, 617
677, 1972, -75
228, -95, -371
448, -1910, -664
1559, -1998, -1382
1997, -1998, 228
1888, -1998, 653
-,-,-
-183, 279, 132
-311, 1274, 478
41, 1997, 948
41, 1997, 948
402, 1997, 791
248, 1809, -33
485, -79, -993
1061, -1935, -1215
1730, -1998, -997
1540, -1998, -229
812, -1998, 104
798, -1998, -817
533, -1998, -773
-,-,-
-221, -216, 85
-188, 151, 121
-367, 1054, 202
-367, 1054, 202
-465, 1990, 253
380, 1997, 203
546, 1997, 626
325, 721, 450
1486, -1542, -675
1997, -1998, -999
1997, -1998, -148
1876, -1998, 768
1563, -1998, 134
638, -1998, -841
449, -1998, -786
-,-,-
-293, -111, 116
-223, 775, 266
59, 1915, 417
59, 1915, 417
475, 1997, 519
813, 1997, 762
603, 1432, 1122
598, -1029, 394
1005, -1998, -1038
1207, -1998, -1369
1327, -1998, -407
1483, -1998, 469
1290, -1998, -477
-,-,-
-59, 1707, 812
693, 1997, 1291
693, 1997, 1291
1467, 1997, 137
878, 1272, -42
441, -1473, 46
1031, -1998, -1184
1196, -1998, -987
1450, -1998, -394
-,-,-
-228, 341, 108
-249, 1495, 670
-249, 1495, 670
525, 1997, 999
1257, 1997, 500
1438, 1757, 133
1052, -1082, -283
531, -1998, -958
658, -1998, -1168
993, -1998, -705
-,-,-
-39, 1001, 31
-39, 1001, 31
299, 1961, 318
566, 1997, 223
311, 1911, 135
660, 783, -330
1123, -138, -781
1669, -1654, -530
1997, -1998, 153
1746, -1998, 224
979, -1998, -1742
439, -1998, -1997
224, -1998, -1233
-,-,-
-280, -438, 80
-333, -203, 40
-329, 657, -89
-329, 657, -89
-209, 1915, 523
645, 1997, 1579
964, 1997, 1542
1285, 324, 444
1140, -1998, -1611
898, -1998, -1997
1130, -1998, -1836
1238, -1998, -464
693, -1998, -204
268, -1998, -420
333, -1998, -633
-,-,-
-271, -324, 31
-338, 70, 170
-368, 824, 417
-172, 1784, 758
167, 1997, 1357
167, 1997, 1357
378, 1997, 1879
635, 1946, 1207
1057, 1, -808
1607, -1856, -1565
1997, -1998, -1659
1933, -1998, -660
897, -1998, -30
-,-,-
-199, 310, -48
-223, 1701, 1049
886, 1997, 1763
1036, 1997, 1144
765, 1847, 1003
1827, -483, -1072
1838, -1998, -1554
1708, -1998, -897
1449, -1998, 269
839, -1998, 432
675, -1998, -255
617, -1944, -583
510, -1393, -187
-,-,-
-180, -761, -94
-177, -607, -54
-181, -254, 1
-254, 251, 217
-501, 1164, 639
-437, 1965, 1099
-111, 1997, 1899
128, 1941, 1155
342, 514, -477
1590, -1035, -791
1997, -1998, -543
1969, -1998, -1056
594, -1998, -1997
302, -1998, -1997
796, -1998, -1480
-,-,-
-345, -472, 156
-345, -472, 156
-266, -145, 197
-100, 498, 353
-7, 1602, 972
500, 1997, 1453
864, 1997, 1157
518, 1758, 253
609, -1364, -1267
904, -1998, -1681
1853, -1964, -1779
1997, -1998, -1580
1377, -1998, -1293
298, -1998, -1396
905, -1986, -1261
1234, -1461, -330
-,-,-
-292, -167, 275
-72, 753, 772
-72, 753, 772
406, 1959, 1134
995, 1997, 111
930, 1997, -407
1163, 1570, -732
1168, -709, -1228
776, -1998, -1405
1186, -1998, -245
1752, -1998, 568
1463, -1998, 526
1143, -1998, -1107
-,-,-
-332, -486, 127
-269, -176, 252
-269, -176, 252
-180, 394, 519
-94, 1351, 805
59, 1997, 1106
186, 1997, 1178
789, 1971, 547
727, 396, -715
825, -1894, -1812
912, -1806, -1391
1916, -1909, -927
1718, -1998, -500
687, -1998, -732
457, -1998, -1192
864, -1978, -697
-,-,-
-441, -488, 125
-388, -83, 193
-271, 639, 577
-26, 1735, 1458
547, 1997, 1736
1126, 1997, 383
1308, 1962, -564
1089, -420, -758
1125, -1998, -848
1564, -1984, -1073
1997, -1998, 469
-,-,-
-493, -600, 65
-541, -392, 108
-618, 38, 582
33, 1301, 1164
738, 1997, 1173
732, 1967, 1053
746, 1620, 627
746, 1620, 627
1005, 1647, 0
1356, 1884, -615
1911, 30, -1295
1997, -1998, -1929
960, -1998, -1968
-381, -1998, -1929
66, -1998, -1648
-,-,-
-354, -385, 94
-241, -115, 79
-120, 650, 455
-67, 1821, 1612
548, 1997, 1749
892, 1997, 1178
1421, 1632, 446
1737, -1042, -1177
1275, -1963, -1426
1957, -1568, -832
1997, -1998, -431
1771, -1998, -310
1509, -1998, -1281
1180, -1998, -1997
-,-,-
-190, -923, -261
-185, -945, -275
-191, -970, -305
-185, -965, -323
-181, -971, -324
-175, -975, -304
-173, -939, -291
-195, -915, -269
-208, -921, -225
-190, -880, -203
-170, -805, -184
-138, -631, -189
-156, -174, -97
-325, 836, 485
-283, 1921, 1460
247, 1997, 1417
566, 1742, 425
988, -81, -673
1203, -1879, -871
-,-,-
-239, -679, -111
-150, -577, -67
-135, -419, -9
-209, -106, 228
-491, 972, 642
-484, 1993, 1541
268, 1997, 1692
437, 1997, 658
437, 1997, 658
1106, 0, -788
1983, -1998, -1850
1882, -1998, -1017
-,-,-
-330, -639, -73
-252, -411, -73
-179, -73, 149
-126, 414, 659
-126, 414, 659
-4, 1441, 1102
182, 1997, 1073
544, 1997, 505
664, 1980, 16
901, -634, -588
1520, -1998, -1563
1996, -1998, -1899
1237, -1998, -1997
684, -1998, -1996
752, -1998, -1781
869, -1998, -858
-,-,-
-267, -725, -50
-234, -648, -48
-234, -423, -56
-273, 12, 10
-563, 1364, 451
-636, 1997, 777
118, 1997, 459
503, 1997, 690
503, 1997, 690
1546, 254, -293
1998, -1998, -1614
1998, -1998, -1149
-,-,-
-363, -376, -42
-265, -147, -58
-216, 415, 87
-142, 1714, 640
351, 1997, 1160
953, 1997, 1178
1509, 1904, 749
1996, -878, -1157
1683, -1998, -1160
547, -1998, -299
626, -1998, -318
806, -1998, -364
831, -1998, -882
815, -1998, -630
-,-,-
-233, -132, 16
-195, 116, 18
-266, 804, 336
-187, 1944, 1104
779, 1997, 1077
779, 1997, 1077
1146, 1993, 446
1395, -142, 912
1982, -1998, -389
1887, -1998, -867
1145, -1998, -1301
686, -1998, -1763
396, -1998, -1267
353, -1802, 328
353, -1802, 328
296, -1457, 376
-,-,-
-367, -412, -47
-307, -96, -104
-414, 620, 125
-260, 1844, 1002
931, 1997, 1740
1698, 1997, 1456
1814, 1753, 923
1971, -971, -204
1780, -1998, -335
1361, -1998, -859
581, -1998, -1023
223, -1998, -1321
172, -1998, -1251
205, -1933, -454
-,-,-
-515, -497, 88
-515, -497, 88
-410, -213, -15
-296, 543, 102
-124, 1865, 761
778, 1997, 982
1267, 1997, 1043
1580, 1328, 832
1688, -1707, -104
1023, -1998, -132
802, -1998, -334
985, -1998, -600
671, -1998, -846
79, -1998, -889
-60, -1998, -623
145, -1986, -212
243, -1584, 96
-,-,-
-313, 521, 333
-72, 1773, 1371
815, 1997, 1998
1661, 1997, 1920
1989, 748, 717
1998, -1974, -1276
1998, -1998, -1900
1449, -1998, -910
614, -1998, -804
243, -1998, -580
208, -1997, -129
252, -1537, 77
-,-,-
-476, -386, 69
-508, -472, 141
-453, -297, 165
-356, 569, 487
-83, 1887, 1598
950, 1997, 1903
1408, 1997, 1382
1616, 73, 471
1616, 73, 471
1256, -1998, -832
1970, -1998, -1891
1998, -1998, -929
1627, -1998, -126
571, -1998, -396
220, -1998, -690
357, -1864, -694
510, -1148, -220
-,-,-
-587, -587, 29
-587, -587, 29
-479, -343, 108
-144, 626, -156
302, 1831, 456
1477, 1997, 1676
1993, 1997, 1654
1998, 1667, 1078
1727, -1135, -238
1561, -1998, -1497
1152, -1998, -1836
404, -1998, -1212
17, -1998, -598
-68, -1998, -479
158, -1731, -790
211, -1347, -421
-,-,-
-539, -445, -74
-508, -349, -21
-507, -294, 13
-370, -5, 265
275, 1155, 1295
1657, 1997, 1998
1998, 1997, 1935
1998, 1972, 1057
1961, -928, -415
1864, -1998, -1750
1598, -1998, -1946
428, -1998, -1469
-168, -1998, -1375
-331, -1998, -839
-85, -1839, -467
-,-,-
-354, 135, 175
190, 1139, 946
1501, 1997, 1194
1998, 1997, 1002
1998, 1867, 1345
1692, -1055, 546
1267, -1998, -1021
1404, -1998, -1635
1507, -1998, -1695
830, -1998, -1149
5, -1998, -1276
-402, -1998, -1698
-90, -1950, -1391
-,-,-
-566, -320, -135
-543, -109, -172
-465, 110, -99
-230, 724, 156
429, 1885, 655
1649, 1997, 881
1998, 1997, 682
1998, 1729, 451
1972, -817, 448
1987, -1998, -944
1998, -1998, -1857
1834, -1998, -1107
434, -1998, -364
-156, -1998, -351
444, -1878, -419
358, -1534, -74
143, -1686, 353
-,-,-
-381, 440, 438
239, 1772, 1148
1668, 1997, 1372
1998, 1997, 1052
1998, 1670, 1132
1998, -641, 752
1998, -1908, -280
1998, -1998, -1629
1997, -1998, -1600
1496, -1998, -747
-,-,-
-356, 8, -14
-168, 376, 122
364, 1349, 1049
1523, 1997, 1995
1998, 1997, 1866
1998, 1782, 936
1922, -1465, 20
1466, -1998, -1378
996, -1998, -1741
359, -1998, -1149
118, -1998, -813
236, -1998, -18
-,-,-
-459, -193, -78
-234, 343, 98
-234, 343, 98
246, 1478, 782
1288, 1997, 1552
1968, 1997, 1075
1998, 1957, 680
1947, -145, -21
1194, -1994, -883
635, -1998, -1428
649, -1998, -1001
382, -1998, -589
-,-,-
-465, 231, 237
27, 1396, 701
890, 1997, 1140
1807, 1997, 580
1998, 1931, 97
1998, 1931, 97
1966, -333, 56
1500, -1777, 99
1282, -1998, -306
928, -1998, -323
393, -1998, -669
165, -1998, -1065
-,-,-
-435, -73, 65
-220, 366, 317
-220, 366, 317
241, 1065, 997
1052, 1907, 1734
1917, 1997, 1984
1998, 1997, 1453
1998, 1173, 468
1995, -1423, -900
1630, -1998, -1895
821, -1998, -1475
-100, -1998, -884
-,-,-
-532, -144, 30
-381, 114, 62
-166, 737, 421
-166, 737, 421
424, 1734, 753
1295, 1997, 1179
1901, 1997, 1332
1772, 1408, 958
1653, -386, 142
1516, -1456, -1286
1704, -1998, -1591
1253, -1998, -1313
101, -1998, -812
-521, -1998, -926
-646, -1998, -632
-712, -1998, -95
-,-,-
-396, -105, 62
-110, 374, 198
-110, 374, 198
601, 1516, 760
1489, 1997, 1167
1960, 1997, 321
1992, 1679, -255
1727, -178, -410
965, -1857, -382
489, -1998, 4
418, -1998, -186
284, -1998, -1180
-,-,-
-366, 52, -30
-366, 52, -30
-197, 267, -31
413, 1192, 304
1598, 1997, 1163
1998, 1997, 1942
1998, 1997, 1827
1998, 175, 315
1820, -1971, -1340
1133, -1998, -1970
790, -1998, -1370
232, -1998, -311
-75, -1998, -19
-83, -1998, -189
-,-,-
-601, -226, 2
-503, -149, -47
-290, 138, -43
289, 1291, 552
1637, 1997, 1286
1637, 1997, 1286
1998, 1997, 1737
1998, 1929, 1725
1983, -505, 457
1295, -1998, -1315
258, -1998, -1521
-72, -1998, -692
-181, -1998, -145
-113, -1974, -96
-50, -1645, -164
-103, -1621, -265
-,-,-
-451, -72, 90
-237, 166, 123
-237, 166, 123
358, 894, 570
1458, 1947, 1227
1998, 1997, 1621
1998, 1988, 1177
1998, 552, 199
1657, -1626, -760
1051, -1998, -1212
836, -1998, -1603
76, -1998, -1089
-472, -1998, -856
-478, -1998, -481
-399, -1987, -262
-,-,-
-504, -101, 135
-350, 6, 143
8, 401, 267
763, 1358, 619
1802, 1997, 1177
1998, 1997, 1276
1998, 1959, 790
1998, 232, 78
1998, 232, 78
1979, -1831, -746
1457, -1998, -1118
404, -1998, -998
-478, -1998, -1287
-839, -1998, -1331
-,-,-
-379, 129, 110
-105, 281, 55
-105, 281, 55
348, 782, 296
1195, 1794, 1254
1956, 1997, 1751
1996, 1958, 1200
1748, 780, 71
1048, -778, -850
824, -1678, -1114
1264, -1996, -1071
1279, -1998, -704
516, -1998, -475
-119, -1998, -767
-360, -1998, -866
-,-,-
-564, -127, -59
-564, -127, -59
-460, 22, -64
-253, 234, -14
265, 586, 321
1215, 1633, 1106
1968, 1997, 1878
1998, 1997, 1657
1998, 1655, 525
1980, -737, -877
1489, -1998, -1499
848, -1998, -846
405, -1998, -237
-146, -1998, -10
-399, -1998, -134
-433, -1986, -75
-,-,-
-38, 451, 13
479, 1063, 327
1423, 1853, 722
1998, 1997, 822
1998, 1997, 782
1998, 1609, 571
1959, -796, 524
1477, -1998, 79
1602, -1998, -1143
840, -1998, -843
24, -1998, -530
-362, -1998, -452
-457, -1998, -131
-,-,-
-115, 363, 18
-115, 363, 18
358, 818, 237
1204, 1667, 587
1984, 1997, 790
1998, 1997, 675
1998, 1219, 565
1843, -1238, 181
1466, -1998, -949
1370, -1998, -1469
290, -1998, -1069
-587, -1998, -585
-719, -1998, -287
-310, -1698, -103
-,-,-
-392, -313, -146
-280, 8, -188
84, 710, 134
881, 1887, 953
1909, 1997, 1008
1998, 1997, 647
1931, 1132, 295
1528, -609, -229
991, -1949, -343
991, -1949, -343
1093, -1998, -769
473, -1998, -536
555, -1998, -468
471, -1998, -208
112, -1998, -149
112, -1998, -149
-,-,-
72, 706, 87
508, 1693, 633
1094, 1997, 1001
1499, 1997, 1278
1611, 1896, 1272
1725, 14, 455
1908, -1854, -366
1989, -1998, -1197
1396, -1998, -1108
550, -1998, -430
175, -1998, -137
100, -1981, 107
118, -1556, 152
-,-,-
-88, 227, 76
81, 960, 438
648, 1902, 525
1029, 1997, 435
884, 1997, 1265
884, 1997, 1265
1035, 1945, 1629
1789, 663, 814
1998, -1546, -725
1991, -1998, -1618
1560, -1998, -1452
450, -1998, -250
214, -1998, -138
-,-,-
-144, 280, 61
123, 845, 8
672, 1878, -18
672, 1878, -18
1656, 1997, -23
1998, 1997, 256
1998, 1733, 368
1998, -26, 520
1885, -1862, 176
1975, -1998, -887
1441, -1998, 12
719, -1998, 466
362, -1998, 229
108, -1998, -208
-54, -1998, -364
-,-,-
-376, 39, 88
-205, 228, -17
249, 852, -47
249, 852, -47
974, 1893, 334
1794, 1997, 927
1998, 1997, 680
1998, 1959, 248
1998, -393, -37
1973, -1998, 112
1633, -1998, -548
1139, -1998, 26
112, -1998, -46
-381, -1998, -398
-,-,-
45, 639, -61
45, 639, -61
482, 1434, 9
1293, 1997, 223
1946, 1997, 335
1998, 1997, 407
1998, 932, 523
1998, -1588, 291
1996, -1998, -205
1454, -1998, -500
567, -1998, -185
-76, -1998, -456
-219, -1998, -352
-194, -1850, 88
-125, -1493, 344
-,-,-
-458, -79, -75
-301, 171, -147
-47, 683, -128
683, 1715, -185
1613, 1997, 134
1998, 1997, 992
1998, 1997, 1177
1998, 1592, 911
1998, -1131, 242
1998, -1998, -625
1131, -1998, 330
-75, -1998, -412
-,-,-
-306, 110, -3
-192, 193, -40
61, 498, -83
659, 1389, 108
1687, 1997, 714
1998, 1997, 907
1998, 1997, 907
1998, 1997, 753
1998, 400, 525
1998, -1938, -587
1997, -1998, -719
1302, -1998, 227
275, -1998, -135
-255, -1998, -738
-304, -1998, -335
-322, -1998, 542
-256, -1998, 940
-215, -1984, 536
-,-,-
-154, 199, -57
354, 936, -22
1131, 1812, 819
1937, 1997, 1543
1998, 1997, 1104
1998, 1498, 499
1992, -625, -107
1688, -1998, -417
1657, -1998, -922
955, -1998, -428
-138, -1998, -155
-622, -1998, -445
-639, -1998, -569
-,-,-
-429, -235, -20
-380, -144, -9
-301, -45, 118
-27, 320, 162
608, 1166, 485
1759, 1997, 1017
1998, 1997, 1425
1998, 1997, 685
1998, 1007, -7
1919, -1576, -435
1762, -1998, -1271
1443, -1998, -266
186, -1998, 224
-486, -1998, -412
-544, -1998, -731
-,-,-
-541, -314, -33
-497, -281, -14
-482, -144, 9
-386, 81, -43
-115, 511, -71
399, 1263, 114
1155, 1965, 476
1903, 1997, 825
1998, 1997, 354
1998, 1997, 354
1998, 1965, -161
1998, 194, 103
1998, -1937, 751
1982, -1998, -196
865, -1998, 190
-457, -1998, -198
-638, -1998, -850
-,-,-
-270, 367, 39
182, 911, 264
182, 911, 264
1431, 1915, 807
1998, 1997, 612
1998, 1997, 458
1998, 1584, 828
1998, 39, 673
1998, -1603, -155
1998, -1998, -972
1833, -1998, -878
553, -1998, -926
-445, -1998, -612
-655, -1998, -437
-544, -1481, 53
-,-,-
-348, 262, 131
-199, 301, 211
101, 552, 342
712, 1096, 644
1725, 1920, 1114
1998, 1997, 906
1998, 1988, 225
1998, 467, 413
1998, 467, 413
1985, -1471, 281
1460, -1998, -460
705, -1998, -1023
2, -1998, -1285
-579, -1998, -1522
-882, -1998, -772
-,-,-
36, 407, 91
734, 588, 437
1586, 1564, 693
1998, 1997, 385
1998, 1997, -21
1998, 1573, -623
1970, -296, -600
1632, -1893, -338
1204, -1998, -380
580, -1998, 195
62, -1998, -214
-193, -1998, -376
-577, -1998, -45
-676, -1998, 161
-,-,-
-486, -63, -11
-323, 91, 49
115, 486, 275
115, 486, 275
996, 1425, 1131
1963, 1997, 1692
1998, 1997, 901
1998, 1997, 22
1852, 666, 56
1878, -1459, 283
1997, -1998, -437
1547, -1998, -769
405, -1998, -937
-395, -1998, -544
-,-,-
-260, 359, -19
30, 886, 143
647, 1693, 214
1297, 1997, 180
1941, 1997, 403
1998, 1997, 319
1998, 1141, 630
1998, 1141, 630
1998, -598, 160
1885, -1984, -591
1381, -1998, -523
900, -1998, -713
304, -1998, -503
-271, -1998, -106
-,-,-
-465, -367, -82
-307, 55, -15
209, 891, -20
946, 1920, 93
1640, 1997, 576
1995, 1997, 732
1998, 1997, 464
1998, 1024, -65
1807, -1119, -953
1369, -1998, -816
781, -1998, -582
153, -1998, -366
-310, -1998, -320
-,-,-
-631, -162, -62
-513, -18, -198
78, 510, -359
78, 510, -359
700, 1566, 522
1227, 1997, 1721
1843, 1997, 1934
1998, 1997, 926
1993, 1229, -442
1784, -682, -962
1486, -1930, -986
1336, -1998, -279
1027, -1998, 224
-,-,-
204, 774, 397
812, 1678, 848
1620, 1997, 1074
1998, 1997, 1036
1998, 1997, 566
1998, 1929, 256
1998, 40, 359
1939, -1990, 231
1013, -1998, -854
-507, -1998, -1433
-780, -1998, -1397
-789, -1998, -755
-,-,-
435, 914, 21
1261, 1712, 264
1953, 1997, 592
1998, 1997, 858
1998, 1663, 970
1998, -684, 1049
1435, -1998, 65
213, -1998, -1133
-649, -1998, -1501
-1247, -1998, -1238
-1455, -1998, -431
-1213, -1996, 25
-,-,-
341, 414, 20
972, 1189, 113
1575, 1901, 340
1978, 1995, 551
1978, 1995, 551
1998, 1473, 546
1938, 219, 566
1379, -1098, 484
715, -1998, 65
401, -1998, -597
-291, -1998, -366
-532, -1998, -356
-649, -1998, -326
-615, -1998, -208
-549, -1998, -60
-,-,-
-174, 268, 65
146, 814, 43
705, 1293, 113
1228, 1680, 291
1606, 1814, 598
1879, 1700, 867
1894, 1160, 821
1796, 232, 415
1664, 232, -89
1664, -1161, -89
1256, -1998, -368
542, -1998, -665
-59, -1998, -889
-524, -1998, -919
-566, -1998, -665
-,-,-
-211, 164, -27
89, 530, 148
650, 1187, 392
1179, 1885, 771
1714, 1997, 1044
1997, 1997, 990
1997, 1947, 410
1998, 540, 181
1998, 540, 181
1997, -1469, -148
1500, -1998, -308
559, -1998, 30
88, -1998, -610
-6, -1998, -896
-319, -1998, -698
-,-,-
-426, 270, 26
-280, 395, -9
-280, 395, -9
122, 689, 467
921, 1347, 889
1836, 1971, 1003
1998, 1997, 855
1998, 1249, 882
1748, -338, 733
1451, -1586, -214
1177, -1998, -1136
713, -1998, -1087
159, -1998, -987
-62, -1998, -682
-330, -1998, -341
-,-,-
-514, -299, -12
-534, -252, 32
-496, -86, 7
-467, 126, 51
-304, 284, 175
343, 1068, 248
343, 1068, 248
1608, 1938, 515
1997, 1997, 856
1998, 1997, 762
1998, 1791, 327
1997, 271, -409
1997, -1596, -868
1733, -1998, -1346
484, -1998, -623
-629, -1998, -537
-870, -1998, -844
-988, -1998, -510
-,-,-
-503, -108, -106
-376, 139, -133
-99, 486, -200
543, 1048, 72
1652, 1857, 780
1997, 1997, 1541
1997, 1997, 1254
1998, 819, 578
1318, -1605, -143
302, -1998, -733
81, -1998, -1515
-397, -1998, -932
-513, -1998, -648
-495, -1998, -28
-408, -1955, 208
-,-,-
-236, 188, -87
210, 770, -50
210, 770, -50
814, 1588, 307
1441, 1997, 838
1995, 1997, 1183
1998, 1971, 1130
1956, 938, 625
1437, -1140, -129
1168, -1989, -771
1081, -1998, -571
889, -1998, -177
151, -1998, -277
-319, -1998, -345
-282, -1984, -448
-,-,-
-238, 42, -48
276, 552, -22
949, 1416, 191
1830, 1995, 911
1997, 1997, 1384
1997, 1975, 1190
1997, 686, 375
1893, -1508, -301
1773, -1998, -965
1804, -1998, -770
1261, -1998, -262
237, -1998, 164
-219, -1998, -403
-364, -1998, -609
-387, -1845, -160
-245, -1534, 381
-288, -1609, 371
-,-,-
447, 571, 2
447, 571, 2
1327, 1459, 200
1989, 1997, 1039
1997, 1997, 1296
1997, 1177, 788
1705, -1344, 168
777, -1998, -727
53, -1998, -995
-421, -1998, -640
-761, -1998, -58
-788, -1998, 14
-507, -1886, 20
-320, -1417, 39
-,-,-
-176, 319, 27
193, 709, 107
841, 1532, 735
1745, 1997, 1213
1997, 1997, 978
1997, 1984, 428
1997, 1984, 428
1997, 593, 144
1779, -1415, 153
1199, -1998, -1186
171, -1998, -1356
-473, -1998, -1116
-803, -1998, -535
-,-,-
-166, 361, -194
-69, 648, -193
174, 1026, 47
773, 1608, 460
1644, 1997, 797
1997, 1997, 898
1997, 1997, 898
1997, 1993, 729
1996, 633, 315
1332, -1612, -287
479, -1998, -1247
-182, -1998, -1362
-361, -1998, -787
-143, -1998, -584
-,-,-
275, 986, -29
729, 1497, 202
1401, 1924, 1002
1996, 1997, 1581
1997, 1757, 1089
1973, 801, 473
1644, -574, -12
1194, -1851, -428
589, -1998, -463
-200, -1998, -651
-879, -1998, -663
-,-,-
-442, -128, -2
-332, -50, -148
-246, 203, -227
-39, 527, -14
561, 1029, 435
1396, 1718, 663
1962, 1997, 718
1962, 1997, 718
1997, 1992, 580
1997, 1489, 649
1994, 37, 368
1493, -1672, -356
-2, -1998, -786
-1254, -1998, -668
-1479, -1998, -960
-1090, -1989, -965
-765, -1367, -303
-546, -1026, 621
-,-,-
-253, 229, -20
-15, 441, -54
578, 878, 259
1404, 1529, 713
1987, 1997, 1171
1998, 1997, 778
1997, 1204, 406
1869, -741, 55
1179, -1937, -961
346, -1998, -1130
-114, -1998, -787
-254, -1998, -477
-349, -1998, -138
-303, -1998, -54
-,-,-
86, 777, -35
587, 1104, 212
1350, 1605, 826
1971, 1986, 1131
1997, 1997, 881
1997, 1997, 881
1997, 1749, 454
1997, -26, 287
1771, -1793, 101
1020, -1998, -889
178, -1998, -1167
-893, -1998, -808
-1168, -1998, -214
-,-,-
423, 840, 184
1101, 1272, 369
1791, 1837, 962
1997, 1996, 1913
1997, 1271, 1692
1914, 252, 32
1914, 252, 32
1334, -1286, -1141
633, -1998, -1562
114, -1998, -1017
-237, -1998, -166
-409, -1998, 14
-528, -1998, -386
-473, -1968, -631
-477, -1890, -487
-,-,-
27, 397, 51
27, 397, 51
576, 781, 218
1521, 1574, 607
1997, 1997, 1248
1997, 1997, 1247
1997, 1385, 664
1884, -434, -134
1227, -1861, -845
518, -1998, -980
-532, -1998, 161
-865, -1998, -99
-889, -1998, -386
-721, -1904, -620
-,-,-
338, 816, 200
833, 1179, 448
833, 1179, 448
1403, 1701, 510
1938, 1946, 384
1997, 1521, 361
1865, 681, 629
1415, -569, 777
666, -1943, 329
132, -1998, -1101
-120, -1998, -1546
-415, -1998, -1289
-710, -1998, -351
-,-,-
8, 380, 87
437, 783, 396
1182, 1617, 831
1949, 1997, 849
1997, 1997, 347
1997, 1639, -376
1997, 27, -467
1847, -1497, -847
1540, -1998, -803
1159, -1998, 402
125, -1998, 1056
-239, -1998, 275
-432, -1998, 236
-,-,-
-24, 302, 1
-24, 302, 1
408, 649, 133
1102, 1412, 341
1880, 1994, 785
1997, 1996, 1101
1997, 1277, 979
1798, 104, 396
1393, -1338, -439
788, -1998, -641
131, -1998, -568
-313, -1998, -760
-696, -1998, -485
-,-,-
138, 660, 16
645, 1004, 221
1200, 1552, 556
1657, 1991, 714
1970, 1789, 796
1996, 804, 820
1663, -654, 777
889, -1900, 385
489, -1998, -933
-157, -1998, -1624
-383, -1998, -1254
-431, -1998, -437
-,-,-
-22, 485, -73
290, 703, 101
820, 930, 516
1380, 1375, 683
1819, 1553, 813
1896, 1325, 1086
1738, 253, 893
1738, 253, 893
1704, -546, 178
1568, -1481, -941
1058, -1998, -1273
359, -1998, -1059
-321, -1998, -882
-586, -1998, -902
-785, -1998, -528
-657, -1818, 193
-592, -1825, 308
-512, -1844, 163
-395, -1732, -138
-,-,-
107, 486, -1
361, 713, 100
818, 1233, 426
818, 1233, 426
1358, 1855, 726
1698, 1890, 635
1781, 1178, 552
1313, -539, 386
754, -1655, 108
561, -1998, -545
105, -1998, -1389
-306, -1998, -1372
-260, -1998, -1010
-95, -1998, -555
-124, -1998, -369
-496, -1998, -385
-703, -1998, -435
-602, -1998, -399
-469, -1830, -132
-431, -1697, -110
-311, -1708, -195
-,-,-
-333, 122, -4
3, 347, 188
660, 773, 638
660, 773, 638
1513, 1620, 849
1997, 1997, 1013
1997, 1876, 719
1997, 296, 999
1551, -1653, 29
747, -1998, -1465
50, -1998, -1798
-806, -1998, -803
-1290, -1998, 82
-842, -1998, -239
-,-,-
-77, 451, -55
211, 680, 91
691, 1352, 200
1219, 1939, 361
1898, 1997, 942
1898, 1997, 942
1997, 1997, 1099
1997, 1448, 420
1963, -768, -286
1353, -1998, -215
532, -1998, -242
-267, -1998, -279
-499, -1998, -177
-560, -1998, -108
-,-,-
-271, 87, -275
-244, 243, -419
-35, 434, -328
404, 870, 29
404, 870, 29
926, 1782, 525
1348, 1997, 906
1793, 1926, 1464
1997, 1597, 1295
1997, 793, 388
1974, -1315, -239
1305, -1998, -470
284, -1998, -684
-301, -1998, -1181
-813, -1998, -1013
-816, -1998, -535
-645, -1858, 165
-,-,-
-353, 35, -77
-353, 35, -77
-350, 62, 9
-67, 350, -28
573, 999, 133
1327, 1837, 1053
1997, 1997, 1585
1997, 1997, 1172
1997, 1997, 179
1997, 1619, 179
1772, -253, -454
1638, -1862, -135
1435, -1998, -446
669, -1998, -1203
-409, -1998, -1144
-790, -1998, 268
-315, -1976, 576
-322, -1989, 599
-,-,-
-252, -791, -76
-232, -755, -36
-213, -690, -45
-179, -560, -88
-191, -63, -14
-12, 1534, 542
783, 1997, 749
1559, 1997, 433
1905, 1839, 1258
1997, -1355, 1317
1997, -1998, -679
1997, -1998, -731
1208, -1998, -1629
386, -1998, -999
-,-,-
-165, -53, -12
-100, 132, 3
30, 890, 130
449, 1953, 481
1469, 1997, 978
1469, 1997, 978
1883, 1997, 1396
1817, 1478, 1834
1997, -1262, 467
1997, -1998, -566
1992, -1998, -420
1037, -1998, -405
394, -1839, -626
545, -872, 387
545, -872, 387
526, -627, 595
546, -616, 285
-,-,-
-104, 542, 247
84, 1642, 636
84, 1642, 636
943, 1997, 1020
1680, 1997, 1025
1997, 1997, 1283
1997, 1204, 1145
1997, -1025, 860
1997, -1998, -1126
1997, -1998, -983
1582, -1998, -1513
594, -1998, -1997
291, -1998, -1616
343, -1432, 477
343, -1432, 477
435, -1012, 773
-,-,-
-366, -458, -195
-337, -319, -157
-184, 174, -137
129, 1412, 97
1144, 1997, 548
1997, 1997, 441
1997, 1997, 441
1997, 1997, 474
1997, 1105, 1460
1997, -1359, 435
1993, -1998, 176
1887, -1998, -604
1414, -1998, -590
873, -1998, -596
600, -1998, -224
496, -1991, 147
499, -1630, 321
446, -1313, 405
-,-,-
-261, -29, -37
-40, 684, 170
509, 1865, 1031
1432, 1997, 1513
1977, 1997, 1872
1997, 1948, 1832
1997, 8, 852
1997, 8, 852
1609, -1928, -356
1667, -1998, -1678
1878, -1998, -1558
1655, -1998, -1032
294, -1998, -260
-,-,-
-167, 292, -28
149, 1415, 618
1166, 1997, 1759
1990, 1997, 1996
1997, 1997, 1996
1997, 598, 935
1997, -1875, -44
1997, -1998, -940
1987, -1998, -922
1226, -1998, -1321
510, -1998, -1088
359, -1998, -255
271, -1928, 265
333, -1511, 369
-,-,-
-147, 187, 88
11, 1177, 513
638, 1997, 1465
1329, 1997, 1976
1850, 1997, 1883
1997, 1224, 887
1997, -1606, 177
1974, -1998, -740
1997, -1998, -1116
1958, -1998, -589
1212, -1998, -221
404, -1998, -227
-,-,-
-144, 376, 137
-105, 866, 369
356, 1847, 1214
1172, 1997, 1788
1293, 1997, 1568
1917, 1940, 1051
1997, -414, 965
1997, -1998, -574
1991, -1998, -984
1876, -1998, -402
1116, -1998, -683
659, -1998, -669
406, -1998, -344
334, -1964, 45
180, -1993, -37
174, -1899, 38
-,-,-
-343, -309, -57
-223, -41, 18
-157, 644, 252
382, 1925, 1621
1887, 1997, 1921
1997, 1997, 1362
1997, 742, 1244
1993, -1818, -99
1948, -1998, -954
1997, -1998, -1536
1934, -1998, -1522
1141, -1998, -1208
-,-,-
-248, -350, -268
-252, -66, -228
-229, 384, 14
215, 1629, 859
1148, 1997, 1713
1941, 1997, 1810
1997, 1911, 681
1948, -366, -166
1135, -1998, -481
913, -1998, -701
1240, -1998, -156
1166, -1998, -308
735, -1998, -971
105, -1998, -551
-26, -1998, -262
49, -1991, 135
45, -1841, 306
-,-,-
-80, 31, -12
15, 710, -17
15, 710, -17
481, 1764, 405
1359, 1997, 1070
1982, 1997, 1855
1997, 1934, 1517
1997, -148, 725
1767, -1842, -490
1197, -1998, -893
216, -1998, -944
-244, -1998, -867
-199, -1998, -431
-175, -1806, -103
-48, -1459, 122
75, -1282, 17
134, -1312, -259
-,-,-
177, 1672, 911
903, 1997, 940
1424, 1997, 1042
1527, 1997, 865
1806, 660, 582
1806, 660, 582
1938, -1950, 1076
1997, -1998, 446
1997, -1998, -44
1997, -1998, -191
1278, -1998, -1848
342, -1998, -704
397, -1921, 169
397, -1921, 169
-,-,-
-27, 757, 200
-27, 757, 200
333, 1780, 815
1027, 1997, 754
1315, 1997, 373
1795, 1939, 983
1992, 152, 1230
1902, -1984, 86
1805, -1998, -742
1143, -1998, -804
422, -1998, -1159
204, -1998, -637
-,-,-
-44, 290, 86
-44, 290, 86
122, 1428, 320
435, 1997, 441
897, 1997, 1066
1332, 1997, 1606
1535, 1580, 1365
1505, -464, 513
1561, -1913, -779
1882, -1998, -1962
1188, -1998, -1526
858, -1998, -483
552, -1998, 100
-,-,-
-230, 26, -234
-71, 886, 42
487, 1955, 533
1343, 1997, 1077
1981, 1997, 1758
1997, 1681, 1733
1997, -749, 783
1954, -1998, -453
1577, -1998, -1290
1065, -1998, -1062
772, -1998, -614
541, -1998, -30
349, -1998, 64
206, -1998, -62
-,-,-
228, 1093, -3
930, 1942, 771
930, 1942, 771
1664, 1997, 1376
1997, 1997, 1060
1997, 1222, 1544
1992, -1579, 1159
1315, -1998, -818
637, -1998, -783
462, -1998, -793
159, -1998, -518
-,-,-
-448, -654, -394
-449, -270, -675
-449, -270, -675
-469, 96, -978
-85, 1099, 51
1506, 1997, 1689
1997, 1997, 1998
1997, 1997, 1937
1911, 983, 873
1546, -797, -373
1580, -1960, -1396
1859, -1998, -778
1111, -1998, 168
225, -1998, 276
-,-,-
-354, -468, -274
-354, -279, -233
-166, 278, -60
574, 1443, 569
1717, 1997, 1786
1997, 1997, 1835
1997, 1940, 1338
1997, -115, 219
1997, -1921, -1154
1971, -1998, -1729
1372, -1998, -1148
674, -1998, -797
208, -1998, -313
-,-,-
-34, 234, -16
496, 1113, 225
1582, 1113, 668
1582, 1993, 668
1997, 1997, 799
1997, 1951, 1087
1963, -66, 1234
1476, -1963, 399
932, -1998, -52
662, -1998, -1198
344, -1998, -1247
301, -1998, -455
128, -1998, 255
68, -1894, 315
44, -1593, 50
-,-,-
-264, 336, 164
-22, 994, 250
539, 1949, 20
1144, 1997, 359
1765, 1997, 1608
1997, 1911, 1627
1997, 69, 689
1997, 69, 689
1997, -1829, -1348
1997, -1998, -1976
1559, -1998, -1209
401, -1998, -524
-,-,-
-109, 151, -324
-38, 1153, -398
123, 1974, 230
123, 1974, 230
88, 1997, 771
1533, 1997, 933
1997, 1698, 1576
1966, -584, 1575
1729, -1784, 272
1600, -1998, -1063
1487, -1998, -1409
999, -1998, -1058
375, -1998, -234
-163, -1998, -437
-251, -1806, -535
-198, -1499, -253
-,-,-
-180, 451, 192
95, 1078, 311
602, 1843, 910
1320, 1997, 1301
1693, 1997, 1716
1283, 1827, 1864
1945, 863, 114
1997, -486, -1141
1997, -1877, -1574
1962, -1998, -1080
1436, -1998, -566
584, -1998, -491
180, -1998, -534
44, -1991, -134
1, -1827, 175
-,-,-
88, 807, 80
561, 1734, 373
1205, 1997, 951
1958, 1997, 1925
1958, 1997, 1925
1997, 1901, 1745
1997, 416, 331
1954, -1839, -811
1042, -1998, -1249
690, -1998, -1159
115, -1998, -945
-48, -1998, -718
-142, -1986, -499
-106, -1665, -155
-54, -1542, -63
-65, -1644, -208
-79, -1717, -384
-,-,-
-569, -547, -875
-258, -60, -641
688, 1507, 395
688, 1507, 395
1888, 1997, 1628
1997, 1997, 1998
1982, 1997, 1813
1997, 805, 956
1952, -1489, -782
1666, -1998, -1871
1860, -1998, -1997
908, -1998, -1279
-515, -1998, -188
-254, -1869, -532
-145, -1075, -134
-58, -1371, 333
-35, -1591, 357
-,-,-
1776, 1997, 1296
1997, 1997, 811
1997, 1951, 726
1997, 451, 78
1997, -1875, -454
1598, -1998, -1690
932, -1998, -1430
356, -1998, -1369
247, -1998, -743
225, -1998, -329
40, -1974, 258
-49, -1803, 264
-46, -1791, -18
-,-,-
129, 923, 109
692, 1517, 464
1494, 1995, 562
1993, 1997, 1135
1997, 1997, 1788
1997, 1034, 1526
1997, -1534, 26
1924, -1998, -1690
1084, -1998, -1956
728, -1998, -1438
316, -1998, -120
-16, -1998, 367
-321, -1988, -60
-287, -1713, -375
-184, -1586, -294
-,-,-
824, 1957, 621
1505, 1997, 1187
1991, 1997, 1527
1997, 1678, 1191
1910, -522, 1063
1645, -1998, 149
1518, -1998, -1725
1346, -1998, -1758
1020, -1998, -1261
677, -1998, 10
470, -1998, 237
392, -1825, 51
278, -1651, -158
125, -1809, -238
81, -1862, -192
-,-,-
-555, 64, -146
-555, 64, -146
-138, 471, 179
584, 1571, 381
557, 1997, 197
1396, 1997, 414
1997, 1964, 126
1997, 290, -145
1854, -1157, -214
1909, -1760, -921
1933, -1998, -1014
1568, -1998, -806
490, -1998, -491
-419, -1998, -100
-309, -1998, -291
-248, -1981, 189
-,-,-
-359, 7, -93
88, 683, -173
744, 1797, 254
1555, 1997, 1526
1979, 1997, 1889
1997, 1895, 517
1877, -1078, -136
1050, -1998, -741
836, -1998, -973
858, -1998, -1467
745, -1998, -1232
413, -1998, -227
283, -1998, 99
355, -1913, 489
273, -1997, 450
273, -1997, 450
-,-,-
-214, -55, -326
22, 705, -52
823, 1894, 627
1840, 1997, 765
1997, 1997, 589
1997, 1867, 655
1979, -269, 924
1979, -269, 924
1825, -1998, 349
1715, -1998, -1578
699, -1998, -1623
391, -1998, -670
471, -1998, -71
471, -1998, -71
258, -1885, 493
-,-,-
43, 778, -87
43, 778, -87
717, 1751, 197
1734, 1997, 702
1997, 1997, 1144
1997, 1984, 962
1997, 76, 399
1977, -1985, -463
1728, -1998, -1316
1399, -1998, -1627
773, -1998, -1043
334, -1998, -303
61, -1998, 55
23, -1885, 241
-,-,-
-236, 379, 95
214, 1043, 211
872, 1916, 511
1579, 1997, 989
1997, 1997, 785
1997, 1988, 404
1997, 752, 134
1997, -1781, -569
1997, -1998, -546
1767, -1998, 234
1189, -1998, 32
413, -1998, 18
25, -1980, 162
-70, -1476, 382
-70, -1476, 382
-,-,-
-221, 26, -4
95, 414, -115
536, 1604, -72
1335, 1997, 385
1335, 1997, 385
1561, 1997, 1497
1451, 1963, 1718
1997, 1385, 14
1997, -1149, -1544
1997, -1998, -1988
1997, -1998, -368
633, -1998, 181
633, -1998, 181
123, -1996, 2
83, -1397, -247
126, -994, 194
-,-,-
-85, 469, -58
332, 1595, 251
878, 1997, 884
1347, 1997, 1410
1702, 1997, 1456
1929, 1708, 663
1942, -393, 3
1839, -1847, -449
1919, -1998, -925
1996, -1998, -640
1540, -1998, -208
950, -1998, 442
479, -1998, 408
-,-,-
-30, 712, 266
531, 1605, 672
1370, 1997, 1082
1983, 1997, 1390
1997, 1790, 1514
1997, 287, 487
1997, 287, 487
1997, -1803, -1253
1850, -1998, -1716
-76, -1998, -746
-191, -1773, 19
-191, -1773, 19
-83, -1225, 625
-,-,-
-276, 85, -6
-151, 501, 153
313, 1442, 523
1228, 1997, 984
1912, 1997, 1818
1997, 1997, 1708
1997, 1862, 484
1997, -201, -892
1997, -1896, -1049
1997, -1998, -904
1667, -1998, -493
575, -1998, -539
-50, -1998, -1195
-,-,-
-192, 258, -14
95, 1145, 246
482, 1952, 630
946, 1997, 1062
1452, 1997, 1144
1928, 1814, 563
1974, -593, 214
1918, -1998, -50
1986, -1998, -294
1600, -1998, -128
561, -1998, 78
-16, -1998, -258
-,-,-
-69, 336, 27
278, 1034, -19
649, 1814, 560
649, 1814, 560
1408, 1997, 1609
1968, 1997, 1983
1997, 1916, 1231
1997, 512, -204
1997, -1533, -1542
1997, -1998, -1488
1655, -1998, -523
419, -1998, 238
-147, -1998, -648
-,-,-
-403, -225, -46
-44, 496, 135
-44, 496, 135
570, 1683, 709
1245, 1997, 1333
1922, 1997, 1844
1997, 1997, 1713
1997, 1858, 852
1997, 804, 10
1997, -1525, -825
1997, -1998, -1855
1420, -1998, -1649
128, -1998, -563
-406, -1998, -878
-454, -1998, -175
-,-,-
183, 833, 123
626, 1763, 142
1247, 1997, 476
1656, 1997, 691
1690, 1943, 609
1383, 769, 167
1296, -862, -210
1174, -1998, -226
788, -1998, -336
563, -1998, -873
294, -1998, -1082
209, -1998, -1100
-,-,-
306, 1299, -150
1012, 1980, 496
1012, 1980, 496
1880, 1997, 752
1997, 1997, 435
1997, 1490, 440
1811, -846, 281
1430, -1989, -887
1072, -1998, -775
710, -1998, -344
325, -1998, 107
37, -1998, -127
-120, -1998, -589
-,-,-
36, 1125, 43
432, 1842, 536
1080, 1997, 863
1326, 1997, 1064
1397, 1621, 1347
1672, -213, 364
1943, -1918, -535
1913, -1998, -1035
1943, -1998, -899
1202, -1998, -482
321, -1998, -760
-143, -1998, -928
-151, -1747, -460
-71, -1279, 50
-,-,-
-373, -3, 52
-240, 369, 195
92, 1353, 91
363, 1990, 233
363, 1990, 233
748, 1997, 1207
1345, 1997, 1282
1502, 1984, 772
1521, 1295, -105
1946, -1115, -602
1997, -1998, -1344
1997, -1998, -1492
1251, -1998, -813
225, -1998, -852
-,-,-
-387, -111, -7
-305, 205, -105
-42, 948, 348
412, 1845, 872
813, 1997, 903
813, 1997, 903
1025, 1997, 877
1049, 1931, 575
1394, 1533, -65
1898, -221, -244
1997, -1899, -822
1996, -1998, -1184
1094, -1998, -249
111, -1998, -1492
-120, -1955, -1401
13, -1267, -2
258, -1054, 1418
-,-,-
-331, 7, 45
-145, 545, 13
105, 1497, 168
574, 1997, 645
1210, 1997, 977
1695, 1997, 724
1695, 1997, 724
1719, 1676, 260
1666, 31, -144
1940, -1544, -1019
1997, -1998, -1035
1969, -1998, -336
1313, -1998, -50
329, -1998, -553
-264, -1998, -1055
-232, -1755, -311
-,-,-
-100, 1150, 240
396, 1945, 630
1244, 1997, 836
1842, 1997, 984
1870, 1870, 894
1805, 239, -237
1997, -1610, -1202
1997, -1998, -1141
1273, -1998, -190
223, -1998, -482
-94, -1998, -598
-219, -1716, -458
-155, -1205, -243
-88, -1447, -9
-40, -1752, -10
3, -1766, -122
123, -1477, -411
151, -1335, -618
117, -1390, -605
-,-,-
-203, 641, 221
142, 1646, 388
578, 1997, 265
1118, 1997, 651
1652, 1997, 1092
1742, 1644, 210
1988, -633, -724
1997, -1998, -1267
1997, -1998, -782
1708, -1998, -778
726, -1998, -1276
71, -1952, -1321
104, -1077, -743
239, -605, -115
292, -926, 185
-,-,-
-160, 1162, 348
361, 1958, 372
1005, 1997, 954
1515, 1997, 1124
1975, 1982, 324
1997, 431, -770
1997, -1793, -758
1997, -1998, -63
1997, -1998, 318
1375, -1998, 164
329, -1998, -617
113, -1769, -1079
73, -1190, -571
251, -961, 250
-,-,-
-162, 992, -55
-162, 992, -55
145, 1895, 333
619, 1997, 1145
1363, 1997, 1634
1952, 1997, 834
1962, 570, 222
1708, -1795, -219
1670, -1998, -1484
1370, -1998, -1630
577, -1998, -1446
-177, -1998, -960
-,-,-
83, 1606, 156
620, 1997, 648
620, 1997, 648
1527, 1997, 926
1992, 1997, 1287
1975, 1677, 1116
1995, -786, -550
1997, -1998, -1683
1686, -1998, -1821
919, -1998, 29
94, -1998, 954
-226, -1998, 912
-384, -1872, 221
-360, -1380, -318
-290, -1399, -217
-172, -1500, -224
-,-,-
-372, 140, 132
-84, 767, 68
-84, 767, 68
216, 1853, 211
748, 1997, 805
1312, 1997, 1418
1519, 1997, 1397
1732, 1606, 656
1994, -437, -418
1997, -1975, -904
1997, -1998, -615
1176, -1998, -2
220, -1998, -180
-317, -1972, -547
-383, -1242, -463
-144, -660, 274
97, -538, 624
-,-,-
-29, 803, -12
-29, 803, -12
330, 1809, 186
1081, 1997, 881
1637, 1997, 1160
1626, 1983, 1234
1587, 514, 281
1942, -1356, -758
1997, -1998, -1691
1879, -1998, -1325
947, -1998, -723
184, -1998, -572
-9, -1807, -237
-10, -1047, 199
59, -905, 498
146, -1054, 463
-,-,-
478, 1933, 305
1257, 1997, 827
1812, 1997, 1129
1571, 1969, 462
1750, 1406, -948
1952, -121, -1448
1997, -1923, -925
1683, -1998, 665
1497, -1998, 511
673, -1998, -345
-22, -1998, -851
-183, -1988, -874
-152, -1788, -339
-45, -1619, 140
-,-,-
134, 1722, 509
134, 1722, 509
819, 1997, 1664
1428, 1997, 1998
1656, 1997, 1985
1506, 1490, 1259
1687, 9, 10
1940, -1510, -1300
1722, -1998, -1997
1539, -1998, -1151
931, -1998, 0
482, -1998, -88
94, -1998, -410
-,-,-
-214, 441, -141
-53, 719, 52
396, 1511, -143
1362, 1997, 44
1990, 1997, 1279
1997, 1892, 1998
1857, 1101, 1794
1657, -141, 85
1816, -1730, -833
1637, -1998, -1205
680, -1998, -752
-264, -1998, -1201
-670, -1998, -1772
-582, -1559, -1182
-103, -890, -52
151, -1091, 605
138, -1466, 543
136, -1260, 53
158, -1061, -305
118, -1059, -427
110, -1087, -452
-,-,-
184, 1093, 198
740, 1799, 727
1572, 1997, 1242
1997, 1988, 1762
1976, 1318, 1941
1765, 1296, 651
1962, 821, -1241
1997, -1549, -1980
1857, -1998, -1616
1616, -1998, -1508
400, -1998, -1255
-299, -1998, -1680
-177, -1542, -683
56, -1606, -123
-,-,-
677, 1993, 628
1600, 1997, 982
1997, 1997, 1101
1997, 1997, 793
1571, 1118, 606
1976, -767, -696
1997, -1945, -1368
1997, -1998, -1130
1683, -1998, -638
1014, -1998, -195
401, -1998, -389
201, -1998, -529
-3, -1945, -510
-65, -1869, -236
-,-,-
289, 1543, 480
805, 1997, 596
1428, 1997, 105
1941, 1997, -7
1997, 1997, 264
1997, 1997, 264
1884, 1062, 238
1955, -447, -723
1997, -1977, -829
1894, -1998, -819
1234, -1998, -322
500, -1998, -645
228, -1998, -940
130, -1694, -771
142, -1640, -310
-2, -1998, 300
-,-,-
496, 1820, 59
496, 1820, 59
1374, 1997, 753
1996, 1997, 1080
1997, 1997, 936
1997, 1376, 533
1997, -1526, -925
1997, -1998, -1644
1997, -1998, -1988
1445, -1998, -1283
636, -1998, -514
225, -1989, -625
17, -1698, -542
87, -1458, -75
97, -1787, 233
-,-,-
540, 1689, -287
1073, 1997, 27
1073, 1997, 27
1790, 1997, 988
1997, 1997, 1038
1997, 1997, 681
1987, 753, -166
1908, -1840, -357
1997, -1998, -1350
1997, -1998, -1719
1581, -1998, -729
351, -1998, -729
-110, -1998, -741
-216, -1699, -425
-,-,-
1297, 1997, -781
1919, 1997, 268
1997, 1997, 888
1997, 1690, 870
1997, 990, -1175
1997, -1424, -1990
1997, -1998, -1997
1826, -1998, -1438
808, -1998, -1087
86, -1998, -162
-163, -1703, -162
-102, -965, 431
-,-,-
-371, -820, -53
-379, -774, 12
-402, -816, 46
-381, -740, 77
-329, -617, 11
-285, -330, -82
-298, 350, -82
-248, 1717, 335
537, 1997, 416
1255, 1997, -39
1255, 1997, -39
1649, 1979, 147
1959, 221, -112
1997, -1958, -362
1997, -1998, 440
1534, -1998, 284
804, -1998, -794
800, -1998, -1133
782, -1998, -339
773, -1614, 826
-,-,-
-158, 398, 220
-17, 1290, 384
216, 1995, 826
959, 1997, 1193
959, 1997, 1193
1796, 1997, 1212
1997, 1997, 973
1997, 778, 1192
1997, -1753, 269
1997, -1998, -952
1968, -1998, -1103
695, -1998, -1432
142, -1998, -1404
380, -1902, -506
514, -1029, 826
506, -782, 1275
505, -858, 891
-,-,-
-244, -599, 113
6, 407, 94
201, 1807, 291
753, 1997, 753
753, 1997, 753
1748, 1997, 1319
1975, 1997, 1508
1989, 1140, 1301
1997, -1746, 898
1997, -1998, -643
1996, -1998, -891
1350, -1998, -903
628, -1998, -689
486, -1991, -315
528, -1349, 426
572, -814, 685
-,-,-
-38, 596, 170
47, 1639, 442
701, 1997, 1554
1955, 1997, 1868
1967, 1997, 1113
1997, 1677, 527
1997, 1677, 527
1997, -1559, 157
1997, -1998, -718
1997, -1998, -299
1262, -1998, 0
320, -1998, -475
328, -1979, -393
386, -1432, 177
442, -1022, 633
-,-,-
-95, 1123, 832
562, 1993, 1499
1591, 1997, 1621
1997, 1997, 1122
1997, 1859, 548
1997, -383, 171
1997, -1906, -420
1997, -1998, -421
1716, -1998, -381
566, -1998, -1389
-6, -1998, -1689
200, -1992, -716
305, -1539, 244
-,-,-
147, 1821, 1660
147, 1821, 1660
1177, 1997, 1998
1987, 1997, 1944
1997, 1759, 1346
1997, -273, 197
1997, -1998, -813
1997, -1998, -603
1888, -1998, -307
1089, -1998, -631
740, -1998, -1310
383, -1998, -1004
217, -1660, 161
217, -1660, 161
160, -1651, 113
142, -1757, -116
-,-,-
-54, 927, 244
231, 1889, 747
1402, 1997, 1029
1997, 1997, 1001
1997, 1972, 691
1997, -56, 753
1997, -1998, -329
1920, -1998, -1060
1129, -1998, -178
419, -1998, -358
54, -1998, -258
90, -1998, -149
-,-,-
-69, 1165, 294
106, 1995, 884
894, 1997, 1178
1510, 1997, 1423
1828, 1807, 1609
1997, -593, 722
1997, -1998, -429
1997, -1998, -886
1639, -1998, -979
1120, -1998, -864
550, -1998, -486
398, -1992, -356
376, -1654, -57
305, -1523, 63
293, -1461, 101
-,-,-
-134, 323, 430
-64, 1249, 758
208, 1997, 1321
910, 1997, 1327
1200, 1997, 1060
1690, 1810, 318
1997, -875, 70
1997, -1998, -523
1997, -1998, -874
1807, -1998, -819
868, -1998, -407
541, -1998, -684
369, -1998, -550
384, -1711, -81
364, -1379, 246
-,-,-
-106, 1482, 739
260, 1997, 1422
1209, 1997, 1580
1695, 1997, 1451
1931, 1813, 804
1997, -310, -35
1997, -1935, -785
1997, -1998, -1361
1994, -1998, -974
1409, -1998, -738
704, -1998, -310
431, -1998, -355
445, -1925, -177
-,-,-
-273, 1396, 573
144, 1997, 938
662, 1997, 970
1493, 1997, 777
1997, 1967, 472
1997, -569, 67
1997, -569, 67
1997, -1998, 80
1997, -1998, -629
1887, -1998, -724
1176, -1998, -724
748, -1998, -484
595, -1746, 44
434, -1245, 209
-,-,-
-200, 511, 355
-29, 1217, 793
351, 1990, 1714
1165, 1997, 1438
1706, 1997, 167
1787, 1378, -95
1898, -945, 173
1997, -1957, 8
1997, -1998, -792
1640, -1998, -936
656, -1998, -1255
421, -1998, -820
346, -1886, 8
353, -1581, 586
330, -1684, 861
330, -1684, 861
-,-,-
304, 1997, 1129
304, 1997, 1129
1201, 1997, 574
1573, 1997, 520
1531, 732, 951
1967, -1523, 110
1997, -1998, -746
1832, -1998, -1128
1205, -1998, -914
917, -1998, -193
877, -1830, 403
770, -1681, 415
590, -1925, 221
-,-,-
-105, 663, 278
-105, 663, 278
-100, 1516, 688
309, 1997, 1417
1168, 1997, 1878
1681, 1997, 1380
1997, 1567, 457
1997, -1020, -768
1997, -1998, -1393
1640, -1998, -791
771, -1998, 43
377, -1998, -58
420, -1957, -206
-,-,-
-381, -399, 14
-352, -215, 91
-357, 47, 243
-249, 406, 448
-17, 1236, 589
416, 1997, 861
988, 1997, 1407
1502, 1997, 1807
1965, 1946, 1814
1997, -421, 1001
1997, -1998, -976
1997, -1998, -1991
1271, -1998, -1861
431, -1998, -1243
286, -1760, -120
316, -1279, 936
366, -1231, 1287
398, -1319, 872
403, -1387, 269
420, -1345, -185
368, -1414, -301
293, -1417, -273
-,-,-
321, 1565, 743
941, 1997, 1396
1381, 1997, 1591
1706, 1997, 712
1706, 1997, 712
1838, 1605, -12
1997, -362, -480
1979, -1956, -584
1997, -1998, -342
1748, -1998, -405
864, -1998, -1182
339, -1998, -412
-,-,-
-237, -432, -188
-169, 69, -173
-83, 977, 195
185, 1917, 574
656, 1997, 727
1159, 1997, 1169
1290, 1737, 1485
1237, -345, 1105
1315, -1920, -366
1711, -1998, -1532
1854, -1998, -1931
1311, -1998, -1576
364, -1998, -735
174, -1998, -462
328, -1422, -149
376, -741, 365
281, -746, 431
-,-,-
-140, 164, 88
127, 995, 474
127, 995, 474
687, 1967, 827
1155, 1997, 760
1147, 1997, 806
1810, 1920, 1244
1997, 947, 800
1993, -1193, 207
1743, -1998, -77
1639, -1998, -1123
814, -1998, -1767
255, -1998, -1829
215, -1993, -1208
214, -1780, -486
-,-,-
343, 1989, 1047
1092, 1997, 1014
1715, 1997, 844
1971, 1880, 699
1997, 274, 350
1912, -1395, 44
1625, -1998, -208
1622, -1998, -311
1208, -1998, -744
787, -1998, -960
517, -1998, -877
407, -1998, -456
-,-,-
-277, 487, 265
-148, 1055, 569
-148, 1055, 569
215, 1822, 662
759, 1997, 763
1276, 1997, 1279
1799, 1997, 1713
1997, 922, 1123
1997, -1679, -177
1676, -1998, -998
748, -1998, -908
237, -1998, -1132
16, -1998, -1404
78, -1968, -1265
147, -1566, -663
170, -1283, -142
231, -1012, 94
268, -910, -10
-,-,-
-294, 265, -80
-52, 930, 144
-52, 930, 144
423, 1866, 691
1124, 1997, 865
1600, 1997, 979
1854, 1888, 1304
1990, 897, 796
1997, -759, 230
1997, -1980, 199
1997, -1998, -715
1652, -1998, -1368
465, -1998, -1742
201, -1998, -1443
182, -1998, -566
291, -1988, -4
-,-,-
-423, -1, -17
-264, 405, 7
52, 1205, 195
591, 1976, 1036
1287, 1997, 1291
1690, 1997, 1180
1571, 1774, 1134
1541, 282, 594
1681, -1234, 66
1681, -1234, 66
1711, -1982, -584
1552, -1998, -524
754, -1998, -346
754, -1998, -512
491, -1998, -512
-,-,-
185, 742, 51
495, 1524, 851
808, 1997, 1671
656, 1997, 1576
1648, 1997, 1654
1995, 1441, 1912
1998, -635, 592
1998, -635, 592
1997, -1998, -955
1970, -1998, -1233
226, -1998, -931
244, -1998, -563
198, -1680, 14
198, -1680, 14
240, -1281, 559
198, -1240, 570
95, -1349, 262
110, -1346, -249
139, -1324, -488
-,-,-
-318, 160, -45
-318, 160, -45
-124, 726, 120
322, 1818, 301
813, 1997, 653
1146, 1997, 1135
1825, 1997, 567
1998, 809, -77
1998, -1447, -1150
1998, -1998, -797
1695, -1998, -49
639, -1998, 55
172, -1998, -460
196, -1882, -598
243, -1331, -28
-,-,-
-324, 251, 296
-81, 1030, 541
541, 1975, 581
1251, 1997, 600
1907, 1997, 976
1998, 1813, 1071
1970, -551, 848
1970, -551, 848
1359, -1998, 96
1312, -1998, -111
1281, -1998, -567
835, -1998, -1130
422, -1998, -978
331, -1998, -659
-,-,-
-271, 240, 266
-271, 240, 266
-41, 1012, 358
487, 1972, 390
1011, 1997, 536
1927, 1997, 768
1998, 1907, 837
1547, -36, 926
1229, -1775, 388
1399, -1998, 30
740, -1998, -335
197, -1998, -459
223, -1998, -429
-,-,-
-21, 1439, 962
657, 1997, 1351
657, 1997, 1351
1270, 1997, 1327
1693, 1997, 846
1937, 1591, 597
1998, -1060, 274
1960, -1998, 110
1875, -1998, 60
1300, -1998, 319
771, -1998, -897
563, -1998, -1334
651, -1945, -622
635, -1852, 119
-,-,-
-371, -307, -315
-340, -24, -82
-209, 564, 273
100, 1643, 917
846, 1997, 954
846, 1997, 954
1559, 1997, 458
1706, 1997, 524
1870, 1855, 675
1998, 567, 423
1998, -1716, 235
1998, -1998, -475
1741, -1998, -501
988, -1998, -702
445, -1998, -641
-,-,-
-35, 1218, 358
444, 1975, 670
1027, 1997, 305
1520, 1997, 83
1520, 1997, 83
1944, 1908, 603
1998, -441, 1163
1998, -1998, 1287
1998, -1998, 1359
1878, -1998, 497
1053, -1998, -1059
491, -1998, -1182
251, -1974, -272
208, -1460, 334
-,-,-
-282, 426, 221
35, 982, 414
528, 1896, 823
1034, 1997, 841
1609, 1997, 894
1988, 1993, 942
1998, 1148, 584
1998, -709, 487
1998, -709, 487
1998, -1992, 113
1998, -1998, -157
1918, -1998, -355
876, -1998, -964
226, -1998, -1087
-93, -1914, 323
-93, -1914, 323
-150, -1665, 928
-99, -1581, 878
-,-,-
-196, 779, 134
85, 1756, 427
85, 1756, 427
854, 1997, 567
1387, 1997, 481
1428, 1807, 617
1387, 1113, 270
1802, 335, -84
1996, -1172, -93
1998, -1998, 254
1998, -1998, 304
1723, -1998, -168
808, -1998, -557
379, -1998, -303
-,-,-
-223, 652, 255
-106, 1481, 329
81, 1985, 732
536, 1997, 1159
536, 1997, 1159
1021, 1997, 1082
1214, 1997, 979
1517, 1725, 669
1712, 388, 319
1969, -1122, -66
1998, -1998, -562
1998, -1998, -668
1186, -1998, -333
81, -1998, -304
-371, -1998, -44
-563, -1998, 400
-429, -1996, 658
-302, -1960, 593
-,-,-
-232, 206, 74
-221, 534, 365
-104, 1004, 711
278, 1752, 1028
994, 1997, 1249
1449, 1997, 1704
1061, 1933, 1840
983, 1459, 188
1168, 422, -1160
1625, -1330, -1024
1997, -1998, -623
1998, -1998, -337
1866, -1998, 587
1152, -1998, 202
693, -1998, -565
-,-,-
-404, -959, -157
-285, -620, -174
-258, -10, -16
-122, 670, 168
267, 1549, 700
942, 1997, 1527
1578, 1997, 1427
1906, 1997, 1162
1902, 1995, 916
1902, 1995, 916
1940, 1326, 515
1998, -567, -131
1998, -1924, -783
1998, -1998, -1006
843, -1998, -632
843, -1998, -632
20, -1998, -864
-354, -1998, -628
-363, -1795, -163
-321, -1515, 342
-,-,-
-314, 135, 105
-314, 135, 371
-174, 609, 371
328, 1743, 569
731, 1997, 521
882, 1997, 1172
998, 1886, 1570
1151, 1290, 1080
1543, -125, 390
1813, -1912, -290
1763, -1998, -871
1479, -1998, -985
1085, -1998, -655
855, -1998, -80
537, -1998, 40
261, -1998, -103
-,-,-
91, 887, 253
355, 1250, 51
527, 1764, -87
1132, 1997, -47
1624, 1997, 318
1936, 1997, 953
1936, 1997, 953
1899, 1638, 1154
1956, -4, 891
1998, -1682, 43
1998, -1998, -572
1853, -1998, -338
789, -1998, -1031
-113, -1998, -1659
-278, -1998, -985
-187, -1506, 27
-108, -1062, 642
-,-,-
-456, -163, 73
-226, 676, -88
1, 1777, -149
194, 1997, 88
829, 1997, 646
829, 1997, 646
1935, 1997, 1254
1998, 1899, 1185
1995, -466, 1327
1974, -1998, 424
1988, -1998, -859
1538, -1998, -941
1095, -1998, -837
513, -1998, -851
-7, -1998, -690
-206, -1998, -383
-147, -1998, -9
-94, -1885, 131
-,-,-
-50, 1238, -40
598, 1943, -120
1414, 1997, 296
1734, 1997, 1069
1186, 1249, 1863
1304, 785, 1657
1719, 566, -323
1970, -1335, -1132
1980, -1998, -774
1951, -1998, -59
1435, -1998, 30
191, -1998, -576
-37, -1998, -767
45, -1906, -179
-,-,-
2, 1333, 71
2, 1333, 71
495, 1962, 628
1109, 1997, 689
1472, 1997, 1061
1451, 1591, 1192
1542, 683, 1021
1423, -368, 825
1913, -1099, -84
1998, -1962, -364
1864, -1998, -194
1195, -1998, -376
699, -1998, -664
142, -1998, -356
-6, -1998, -32
-35, -1985, 62
-,-,-
135, 1135, 311
135, 1135, 311
861, 1995, 720
1524, 1997, 1034
1991, 1997, 1686
1998, 1989, 1988
1983, 1614, 1607
1998, 598, 618
1993, -1486, -100
1998, -1998, -1017
1958, -1998, -1138
1093, -1998, -617
21, -1998, -610
-210, -1998, -381
-96, -1883, -45
-71, -1456, 304
-55, -1364, 298
-11, -1454, 3
-,-,-
-183, 354, 155
-183, 354, 155
138, 966, 329
666, 1827, 381
1187, 1997, 755
1697, 1997, 1073
1758, 1906, 1128
1694, 1020, 447
1653, -461, -337
1718, -1992, -706
1562, -1998, -704
621, -1998, 137
186, -1998, -440
56, -1998, -856
30, -1977, -586
-,-,-
124, 1954, 643
577, 1997, 930
938, 1997, 1115
1212, 1997, 1311
1583, 1903, 1053
1951, 903, 678
1998, -1273, -265
1998, -1998, -1167
1998, -1998, -625
1742, -1998, -685
1131, -1998, -887
795, -1998, -570
536, -1998, -225
-,-,-
-125, 232, -109
-77, 626, -265
66, 1157, 125
540, 1964, 715
540, 1964, 715
1107, 1997, 936
1300, 1997, 1265
1408, 1918, 1535
1615, 924, 1329
1928, -1030, 315
1998, -1998, -434
1944, -1998, -89
1169, -1998, -174
368, -1998, -773
174, -1982, -681
130, -1608, -277
144, -1271, 81
-,-,-
-329, 99, -103
-189, 377, -73
-67, 851, 102
-67, 851, 102
249, 1661, 681
717, 1997, 1253
1160, 1997, 1596
1402, 1981, 1471
1501, 1531, 793
1495, 177, 87
1491, -1594, -326
1453, -1998, -744
1440, -1998, -608
972, -1998, -217
421, -1998, -1039
-,-,-
-93, 1251, 48
-93, 1251, 48
299, 1946, 325
989, 1997, 679
1396, 1997, 1233
1384, 1997, 1464
1571, 1536, 828
1822, -131, 127
1998, -1827, -270
1998, -1998, -399
1998, -1998, 391
1619, -1998, 256
967, -1998, -398
625, -1998, -387
431, -1998, -163
-,-,-
-409, 136, 8
-327, 1461, 410
-33, 1997, 1047
-33, 1997, 1047
462, 1997, 1656
733, 1997, 1976
983, 1997, 1790
1192, 1785, 1050
1422, 807, 338
1887, -1047, -844
1998, -1998, -1774
1998, -1998, -1355
1897, -1998, -209
1123, -1998, 278
373, -1998, -390
159, -1998, -937
-,-,-
-257, 686, 269
-124, 1103, 165
13, 1570, 371
229, 1984, 623
600, 1997, 767
600, 1997, 767
1016, 1997, 1257
1236, 1889, 1306
1503, 1397, 751
1145, -381, 162
1612, -1521, -361
1998, -1998, -888
1998, -1998, -1360
1513, -1998, -410
271, -1998, -278
266, -1998, -541
248, -1969, -145
318, -1580, 384
-,-,-
-194, -35, 99
-277, 129, 387
-178, 542, 251
56, 1174, 241
56, 1174, 241
177, 1803, 738
369, 1997, 1309
670, 1997, 1404
719, 1638, 1158
567, 826, 800
595, 137, -13
735, -583, -600
1223, -1042, -850
1893, -1540, -427
1998, -1998, 0
1797, -1998, 939
784, -1998, 250
784, -1998, 250
195, -1998, -800
-,-,-
-423, -196, 147
-343, -24, 112
-254, 320, 83
-274, 697, 236
-111, 1324, 484
208, 1956, 643
648, 1997, 757
648, 1997, 757
922, 1997, 781
1106, 1849, 979
1018, 1176, 566
1350, -198, 234
1350, -1378, -407
1516, -1998, -704
1996, -1998, -174
1704, -1998, 523
316, -1998, 699
-90, -1998, 122
-328, -1998, -515
-,-,-
-409, -186, 193
-328, 37, 91
-328, 37, 91
-227, 405, 63
-202, 870, 312
-152, 1423, 624
95, 1876, 818
508, 1996, 948
508, 1996, 948
760, 1711, 1162
789, 1199, 1247
934, 998, 920
958, 330, -88
1179, -949, -1040
1799, -1840, -917
1998, -1998, -807
1984, -1998, 399
-,-,-
-358, -261, 61
-358, -261, 61
-280, -47, -15
-284, 207, -12
-340, 505, 282
-64, 1293, 622
313, 1982, 476
537, 1997, 247
693, 1706, 170
693, 1706, 170
-537, 1039, 414
-67, 281, 424
1203, 1115, 695
1128, 163, 504
1343, -1186, 471
1896, -1994, 368
1642, -1998, 703
607, -1998, 413
-145, -1998, -112
-288, -1998, -651
-,-,-
-386, -311, -125
-371, -165, 36
-359, 72, 68
-364, 289, 183
-269, 603, 463
-34, 1209, 481
271, 1891, 619
661, 1997, 656
661, 1997, 656
1173, 1997, 580
1368, 1997, 567
1468, 1764, 246
1521, 883, -340
1611, -351, -407
1987, -1197, -136
1998, -1988, -45
1998, -1998, 234
1692, -1998, 505
1045, -1998, -49
608, -1998, -434
340, -1998, -253
-,-,-
32, -533, -285
15, -688, -330
-11, -726, -447
-116, -448, -364
-68, 52, -163
-64, 601, 35
-64, 601, 35
-88, 1110, 457
-55, 1631, 829
114, 1992, 1064
346, 1997, 1053
631, 1807, 902
650, 1181, 720
650, 1181, 720
683, 775, 419
769, 296, 283
1102, 1, 31
1499, -642, 76
1959, -1869, 135
1997, -1998, 616
1706, -1998, 719
1019, -1998, 446
408, -1998, -374
98, -1998, -429
-,-,-
-15, -639, -253
-45, -591, -417
-140, -646, -387
-164, -592, -193
-145, -395, -220
-98, -314, -266
-81, -271, -275
-170, -82, -259
-139, 550, 100
62, 1554, 536
62, 1554, 536
413, 1997, 985
708, 1997, 1215
774, 1908, 1263
465, 1449, 903
-419, 710, 202
1006, 609, -496
1388, 195, -201
1535, -969, 213
1820, -1917, 186
1598, -1998, 287
1251, -1998, 187
1251, -1998, -152
289, -1998, -883
-,-,-
-26, -505, -146
-61, -395, -145
-160, -447, -125
-228, -362, -76
-170, -60, 14
-131, 147, 46
-220, 276, 208
-256, 374, 291
-202, 604, 301
-202, 604, 301
-168, 819, 414
-142, 992, 491
29, 1171, 533
186, 1327, 543
222, 1272, 335
175, 807, 31
175, 807, 31
221, 414, -172
454, 474, 66
1139, 712, 585
1615, 441, 722
1907, -976, 503
1998, -1997, -70
-,-,-
-224, -541, -58
-292, -488, -22
-286, -511, -154
-342, -465, -149
-373, -346, -21
-336, -96, 1
-336, -96, 1
-329, 107, -56
-373, 169, 0
-445, 108, 140
-425, 183, 381
-339, 486, 486
-339, 486, 486
-254, 764, 447
-129, 925, 500
79, 989, 670
368, 1135, 717
715, 1475, 641
1133, 1704, 408
1349, 1509, 244
1349, 1509, 244
1299, 1013, 411
-,-,-
-66, -749, -384
-154, -604, -268
-197, -504, -90
-197, -504, -90
-156, -451, -24
-119, -282, -104
-182, -127, -66
-257, 64, 150
-311, 258, 280
-292, 401, 313
-281, 504, 295
-298, 504, 406
-245, 595, 551
-245, 595, 551
-151, 764, 562
26, 1006, 482
331, 1316, 530
651, 1386, 574
938, 1316, 601
1361, 1395, 501
1811, 1702, 339
1997, 1878, 456
-,-,-
-226, -555, -124
-187, -483, -293
-210, -444, -350
-322, -425, -207
-345, -258, 21
-345, -258, 21
-230, 126, 95
-184, 401, 126
-274, 457, 282
-289, 513, 449
-246, 666, 519
-97, 931, 496
-97, 931, 496
-2, 1017, 452
41, 912, 636
253, 1024, 661
688, 1346, 565
1066, 1367, 702
1701, 1788, 667
1997, 1982, 649
1997, 1982, 649
1936, 1452, 295
1987, 1029, -398
1998, -1532, -331
-,-,-
-46, -1233, -183
-55, -1141, -352
-116, -1192, -337
-183, -1290, -211
-179, -1250, -153
-94, -1117, -292
-106, -1088, -320
-200, -1182, -225
-275, -1216, -177
-235, -1120, -234
-140, -870, -262
-123, -580, -220
-147, -476, -133
-182, -423, -51
-166, -183, 1
-149, 119, 134
-141, 401, 230
-125, 644, 351
-125, 644, 351
-32, 912, 404
219, 1248, 486
560, 1797, 717
982, 1997, 684
1412, 1982, 427
1693, 1741, 372
1931, 1583, 162
1990, 1125, 188
1828, -214, 564
1673, -1758, 122
1673, -1758, 122
-,-,-
-241, -955, -295
-223, -918, -299
-174, -773, -414
-226, -712, -501
-290, -699, -444
-306, -832, -437
-236, -717, -416
-118, -273, -246
-108, 71, -24
-116, 350, 154
-104, 626, 389
22, 1061, 567
202, 1667, 759
202, 1667, 759
513, 1997, 971
981, 1997, 943
1324, 1997, 803
1548, 1980, 708
1438, 1699, 531
1910, 933, 175
1998, -555, -113
1998, -1993, -641
-,-,-
-474, -235, 75
-474, -235, 75
-452, 199, 269
-164, 940, 458
241, 1657, 594
577, 1995, 808
1074, 1997, 971
1440, 1884, 763
1468, 645, 480
1482, -1010, 287
1849, -1998, -456
1998, -1998, -915
1644, -1998, -437
-,-,-
-170, 419, 225
-170, 419, 225
-16, 954, 477
323, 1506, 793
717, 1957, 925
1214, 1997, 1335
1566, 1863, 789
1339, -62, 34
1327, -1686, -638
1318, -1998, -1136
1294, -1998, 211
485, -1998, 366
-103, -1998, 100
-153, -1998, -210
-31, -1938, -279
-,-,-
-409, -110, 57
-338, 116, 136
-226, 419, 178
-9, 859, 348
-9, 859, 348
357, 1515, 766
863, 1994, 1084
1226, 1997, 730
1473, 1954, 64
1384, 1129, -248
1120, 44, 148
1364, -958, 122
1772, -1643, -138
1926, -1998, 592
1122, -1998, 1826
620, -1998, 594
-,-,-
-203, 108, 194
35, 1237, 424
381, 1995, 619
781, 1997, 981
1076, 1997, 1173
879, 1795, 1032
951, 1435, 689
1247, 670, 375
1247, 670, 375
1531, -504, 441
1613, -1811, 779
1553, -1998, 471
1272, -1998, -989
-,-,-
-580, -640, -246
-580, -640, -246
-567, -517, -147
-525, -409, -140
-543, -343, -140
-493, -144, -34
-373, 249, 83
-124, 781, 103
210, 1543, 533
569, 1997, 855
978, 1997, 1034
1157, 1975, 912
1099, 1416, 522
1247, 884, 190
1534, -51, 214
1534, -51, 214
1849, -1072, -17
1997, -1973, 265
1696, -1998, 940
-,-,-
-443, -1048, -238
-408, -822, -225
-371, -535, -173
-385, -554, -276
-433, -527, -124
-397, -295, 50
-334, 45, 107
-255, 440, 161
-154, 772, 281
-15, 1007, 390
-15, 1007, 390
116, 1170, 453
286, 1296, 463
560, 1519, 426
878, 1531, 221
1032, 1383, 160
1222, 1539, 199
1351, 1131, 320
1641, 934, 317
1997, -700, 323
1997, -700, 323
1997, -1998, 839
-,-,-
-418, -752, -156
-418, -607, -156
-470, -601, -182
-504, -669, -174
-501, -552, -116
-498, -444, -118
-538, -299, -14
-534, -199, 9
-522, -130, 52
-471, 59, 123
-406, 314, 218
-302, 549, 351
-137, 969, 504
-137, 969, 635
151, 1606, 635
527, 1907, 574
938, 1991, 733
1190, 1671, 674
1300, 1351, 495
1569, 1161, 167
1897, 546, -307
-,-,-
-231, -772, -355
-244, -735, -222
-297, -686, -152
-294, -594, -147
-255, -578, -175
-330, -535, -177
-366, -403, -113
-397, -337, -52
-397, -337, -52
-406, -454, -131
-450, -556, -129
-455, -406, 14
-443, -195, 3
-428, -27, 39
-427, 141, 78
-409, 258, 123
-373, 505, 238
-373, 505, 238
-242, 903, 367
16, 1464, 635
402, 1792, 633
693, 1797, 263
780, 1615, 204
1069, 1387, 203
1166, 878, 251
1225, 447, 309
1225, 447, 309
1533, -273, 58
1972, -1912, 176
-,-,-
-660, -340, -7
-498, -108, -6
-237, 485, 140
-237, 485, 140
157, 1304, 270
550, 1807, 378
867, 1996, 724
275, 1955, 1030
901, 1181, 712
1829, 988, -521
1700, -726, -333
1599, -1998, -2
1816, -1998, 353
889, -1998, 1021
70, -1998, 479
70, -1998, 479
-354, -1998, -604
-,-,-
-438, 308, -10
-402, 313, 77
-346, 398, 235
-194, 663, 268
33, 905, 280
33, 905, 280
203, 888, 281
311, 679, 467
478, 605, 598
676, 603, 395
676, 603, 395
688, 583, 270
785, 550, 158
1329, 609, -38
1887, -1326, 141
-,-,-
-402, 130, -205
-468, 83, 57
-515, 118, 199
-515, 118, 199
-441, 285, 192
-323, 551, 135
-197, 793, 325
-64, 759, 654
101, 767, 875
405, 862, 772
405, 862, 772
564, 797, 612
759, 913, 685
960, 817, 467
1114, 559, 129
1404, -78, -57
1834, -1355, 168
1997, -1998, 233
1997, -1998, 233
-,-,-
-508, -252, -73
-494, -200, -1
-500, -132, 18
-490, 5, 64
-490, 5, 64
-416, 222, 80
-384, 341, 84
-324, 414, 177
-160, 629, 252
38, 815, 440
38, 815, 440
236, 799, 546
307, 506, 538
293, 251, 465
339, 348, 193
339, 348, 193
612, 466, 277
859, 253, -99
1432, -262, -506
-,-,-
-530, -139, -71
-515, -94, 24
-452, 16, 42
-372, 251, 20
-372, 251, 20
-265, 467, -8
-140, 688, 91
52, 973, 248
364, 1375, 426
658, 1531, 480
658, 1531, 480
796, 1189, 598
934, 952, 657
992, 853, 269
1392, 944, -357
1915, -155, -335
-,-,-
-487, -170, -30
-529, -206, 44
-532, -167, 39
-447, 28, -11
-425, 131, 50
-396, 266, 160
-318, 501, 242
-167, 734, 427
-167, 734, 427
-2, 825, 495
107, 764, 578
191, 540, 545
346, 350, 310
417, 178, 192
417, 178, 192
488, 176, 182
663, 250, -58
966, -106, 93
1416, -1502, 539
1726, -1998, 485
1982, -1998, -112
1317, -1998, -649
148, -1998, -637
-,-,-
-591, -670, -157
-606, -726, -28
-553, -623, -82
-555, -548, -215
-585, -496, -123
-621, -495, -15
-598, -374, -34
-522, -84, -38
-474, 165, -3
-415, 376, 97
-415, 376, 97
-301, 610, 240
-156, 809, 367
-20, 912, 467
183, 1013, 530
447, 1027, 482
650, 828, 414
650, 828, 414
725, 548, 390
601, 258, 402
857, 114, 323
917, -437, 4
952, -1868, -28
-,-,-
-425, -202, -23
-387, -68, -50
-387, -68, -50
-336, 99, -80
-412, 54, 40
-492, 0, 170
-403, 326, 148
-271, 715, 251
-271, 715, 251
-118, 998, 486
21, 1005, 684
165, 839, 728
315, 712, 521
441, 589, 228
441, 589, 228
525, 461, 157
798, 612, 482
1199, 344, 348
1309, -722, -406
-,-,-
-422, -496, 41
-397, -421, 99
-406, -296, 32
-435, -280, -58
-538, -346, 61
-572, -314, 99
-481, -135, 79
-481, -135, 79
-455, 90, 103
-474, 226, 174
-508, 243, 202
-440, 391, 264
-332, 541, 196
-230, 666, 228
-68, 774, 328
-68, 774, 328
202, 954, 316
411, 834, 235
516, 492, 175
583, 357, 293
741, 167, 263
741, 167, 263
1070, -414, 254
1275, -1753, 199
929, -1998, 129
250, -1998, 938
-,-,-
-462, -617, -225
-371, -521, -203
-444, -490, -109
-475, -391, -29
-450, -174, 20
-435, 31, 60
-417, 242, 144
-400, 446, 158
-400, 446, 158
-362, 571, 254
-270, 657, 301
-187, 673, 216
-69, 751, 263
68, 835, 384
279, 895, 418
279, 895, 418
457, 790, 336
604, 612, 168
755, 476, 221
920, 147, 463
1285, -554, 298
1285, -554, 298
1327, -1872, -418
1266, -1998, -80
-,-,-
-585, -279, 16
-593, -299, 102
-569, -224, 86
-533, -50, -16
-511, 41, -2
-485, 136, 31
-485, 136, 31
-451, 139, 79
-345, 280, 176
-98, 669, 335
165, 1035, 338
370, 1084, 289
370, 1084, 289
494, 849, 308
369, 768, 389
797, 742, 356
1124, 728, 37
1443, -39, -242
1891, -1588, -298
1965, -1998, 90
-,-,-
-757, -551, -85
-697, -448, -69
-639, -346, -113
-547, -183, -43
-426, 28, 57
-259, 397, 98
-64, 818, 147
191, 1128, 328
191, 1128, 328
444, 1310, 425
226, 1452, 332
-176, 849, 216
1233, 407, -296
1457, 160, -192
1345, -318, -74
1755, -1573, 495
-,-,-
-541, -14, 20
-627, -77, 174
-572, -36, 176
-572, -36, 176
-425, 169, -31
-362, 423, 107
-303, 599, 347
-166, 746, 513
59, 941, 542
346, 1077, 447
641, 1128, 509
641, 1128, 509
717, 829, 415
758, 653, 413
1049, 709, 418
1280, 324, 131
1543, -954, -206
1635, -1998, 113
1516, -1998, 206
-,-,-
-567, -22, 7
-535, -41, 146
-554, -79, 90
-516, -49, 34
-516, -49, 34
-492, -16, 36
-443, 65, 134
-418, 210, 109
-258, 643, 146
-16, 1170, 252
-16, 1170, 252
320, 1639, 495
569, 1542, 645
821, 1478, 445
951, 1638, 225
1504, 1918, 301
1940, 470, 178
1989, -1872, 138
1997, -1998, -403
1993, -1998, -317
-,-,-
-413, 252, 110
-413, 252, 110
-405, 362, 164
-389, 481, 198
-352, 594, 142
-309, 669, 215
-216, 733, 320
-22, 916, 427
200, 1021, 441
200, 1021, 441
252, 852, 311
260, 477, 389
412, 284, 253
540, 212, -7
696, 104, 134
696, 104, 134
987, -585, 470
1461, -1387, 366
1738, -1891, -48
-,-,-
-568, -52, 90
-451, 109, -39
-476, 167, 17
-489, 141, 50
-489, 141, 50
-447, 214, 97
-374, 302, 131
-254, 559, 198
-87, 796, 407
104, 830, 538
266, 685, 398
266, 685, 398
350, 558, 161
407, 494, 166
573, 552, 316
732, 624, 417
732, 624, 417
1102, 592, 154
1772, -126, -316
-,-,-
-713, -377, -67
-675, -325, -65
-637, -255, 3
-636, -200, 67
-532, 8, 100
-313, 556, 142
-61, 1415, 188
-61, 1415, 188
352, 1961, 205
1201, 1997, 693
1517, 1805, 460
1354, 1012, 103
1302, 605, -577
1855, -89, -786
1997, -1583, -226
1997, -1998, 667
-,-,-
-685, -411, -88
-680, -442, -90
-676, -381, -126
-681, -288, -12
-727, -313, 29
-758, -343, 10
-724, -257, -16
-626, 6, 51
-575, 203, 149
-575, 203, 149
-493, 329, 248
-316, 478, 338
-60, 756, 418
259, 1055, 476
586, 1233, 432
868, 1258, 439
814, 1264, 520
814, 1264, 520
1179, 835, 411
1534, 499, -114
1892, -444, -297
1997, -1883, -404
1986, -1998, 529
-,-,-
-705, -374, 55
-602, -254, 58
-461, -81, -5
-302, 233, 39
-302, 233, 39
-118, 682, 297
169, 1054, 541
446, 1065, 504
539, 853, 443
475, 576, 363
590, 600, 251
590, 600, 251
862, 453, -200
1042, -601, -353
1371, -1380, -292
1765, -1982, 97
-,-,-
-87, 983, 435
368, 1497, 568
716, 1447, 432
716, 1447, 432
684, 1080, 514
705, 751, 566
935, 537, 448
1098, 1, 238
1291, -1092, 358
1601, -1979, 522
1821, -1998, 34
1553, -1998, 31
1553, -1998, 31
-,-,-
-487, -72, -36
-574, -264, 83
-561, -215, 169
-355, 169, 38
-171, 668, -4
-38, 1095, 247
355, 1642, 405
704, 1786, 409
704, 1786, 409
750, 1524, 398
686, 1184, 448
833, 859, 326
1393, 539, 155
1702, -279, -553
1291, -1975, -802
918, -1998, -324
1270, -1998, 168
-,-,-
-478, -29, 187
-478, -29, 187
-395, 112, 99
-312, 345, 50
-238, 663, 130
-43, 1161, 212
332, 1603, 235
682, 1632, 179
682, 1632, 179
828, 1301, 217
702, 825, 197
853, 641, -9
1149, 343, -191
1368, -400, -15
1536, -1710, 46
1615, -1998, 137
1408, -1998, 282
428, -1998, 543
-122, -1998, 822
-320, -1998, 1054
-442, -1941, 1107
-,-,-
-306, -124, 28
-226, 109, -80
-280, 210, 0
-280, 210, 0
-379, 197, 167
-358, 347, 249
-202, 669, 108
-113, 1024, 102
93, 1486, 382
498, 1700, 464
498, 1700, 464
686, 1397, 340
661, 812, 281
637, 255, 69
804, -13, -215
929, -296, -340
1039, -709, 81
1287, -1472, 408
1287, -1472, 408
1688, -1998, 703
1962, -1998, 970
1608, -1998, 1081
-,-,-
-203, 475, 152
-118, 747, 85
-95, 799, 188
-31, 896, 368
-31, 896, 368
242, 1411, 391
650, 1799, 341
831, 1592, 400
892, 943, 638
969, 471, 599
969, 471, 599
1029, 113, 146
1097, -604, -157
1211, -1665, -111
1384, -1998, 167
916, -1998, 425
172, -1998, 507
-86, -1998, 460
227, -1926, 165
-,-,-
-290, 481, 112
-290, 481, 112
-296, 562, 283
-177, 647, 104
61, 883, -143
268, 1134, -109
456, 1170, 147
547, 876, 488
547, 876, 488
571, 604, 689
661, 554, 556
764, 433, 447
959, -191, 485
1133, -967, 103
1233, -1835, -434
1202, -1998, -457
1026, -1998, 263
979, -1998, 913
-,-,-
-203, 360, -43
-167, 892, 184
-121, 1186, 206
-21, 1361, 270
154, 1598, 419
154, 1598, 419
378, 1741, 401
498, 1443, 264
574, 884, 289
626, 456, 146
551, 295, 22
551, 295, 22
632, 182, -7
839, -356, 105
1057, -959, 350
1454, -1453, -36
1862, -1969, 190
1916, -1998, 601
-,-,-
-406, 372, -39
-281, 629, -80
-281, 629, -80
-196, 751, -150
-205, 717, 87
-168, 677, 263
57, 763, 298
345, 913, 350
530, 961, 519
530, 961, 519
512, 664, 608
-1101, 824, 575
742, -320, -104
1098, 80, -391
1296, -212, 83
1489, -1129, -79
1687, -1921, -245
1883, -1998, 470
-,-,-
-434, -369, 48
-381, -214, -28
-376, -42, -76
-429, 47, 54
-492, 22, 223
-492, 22, 223
-407, 247, 162
-260, 612, 23
-162, 902, 230
-57, 1154, 488
66, 1391, 527
332, 1665, 394
332, 1665, 394
726, 1681, -46
1004, 1221, -353
1146, 462, -400
1268, -69, -174
1506, -924, 16
1475, -1886, 431
1608, -1998, 616
-,-,-
-513, -163, 125
-355, -25, 94
-332, 236, -38
-393, 318, 38
-406, 457, 215
-406, 457, 215
-271, 745, 364
-116, 1149, 337
-19, 1365, 393
98, 1126, 374
203, 662, 326
321, 347, -45
446, 268, -39
446, 268, -39
571, -178, -153
635, -1133, 22
801, -1742, 206
793, -1998, 21
627, -1998, 279
903, -1998, 716
-,-,-
-394, -149, -151
-441, -111, -64
-514, 41, 45
-529, 283, 170
-529, 283, 170
-480, 502, 157
-475, 655, 237
-397, 905, 474
-168, 934, 526
-40, 885, 446
115, 865, 358
361, 835, 338
361, 835, 338
553, 543, 374
817, 10, -78
977, -348, -636
1126, -755, -560
1468, -1619, -139
1423, -1998, 685
-,-,-
-253, -440, -166
-321, -389, -87
-321, -389, -87
-371, -307, 27
-371, -238, 35
-363, -138, -43
-404, -106, -6
-443, -2, 89
-471, 130, 99
-449, 262, 107
-449, 262, 107
-405, 356, 96
-403, 439, 132
-358, 543, 171
-233, 748, 280
7, 1009, 374
240, 995, 254
240, 995, 254
332, 697, 147
422, 403, 148
553, 234, 199
837, 33, 200
837, 33, 200
1056, -194, -148
1426, -656, -399
-,-,-
-526, -287, 89
-479, -202, -43
-496, -145, -152
-561, -208, -66
-634, -300, -22
-634, -300, -22
-606, -247, -11
-530, -92, -105
-488, 62, -100
-484, 240, 83
-420, 370, 209
-248, 697, 251
45, 1217, 314
370, 1415, 379
370, 1415, 379
447, 1062, 498
623, 715, 418
851, 480, -39
965, 26, -127
1162, -687, 126
1278, -1902, 33
1307, -1998, -56
816, -1998, 19
816, -1998, 19
-,-,-
-500, -309, 86
-388, -81, 56
-235, 313, 315
-235, 313, 315
-10, 955, 434
349, 1660, 192
665, 1833, 3
643, 1350, 180
657, 877, 296
657, 877, 296
1044, 747, 155
1595, 275, -120
1781, -1085, -443
-,-,-
-387, -285, 155
-347, -65, 265
-231, 320, 131
-135, 541, 85
-55, 757, 201
99, 942, 297
314, 1215, 224
314, 1215, 224
424, 1191, -78
456, 666, -3
484, 177, 98
614, 5, 47
614, 5, 47
514, -438, 87
388, -1678, 480
431, -1998, 434
468, -1998, 183
-,-,-
-315, -378, 18
-351, -273, 61
-344, -47, 72
-291, 287, -17
-184, 836, -150
130, 1553, -186
419, 1704, -312
543, 1740, -329
543, 1740, -329
471, 1497, -138
431, 538, 405
443, -39, 703
565, -871, 745
830, -1873, 965
1141, -1998, 104
975, -1998, 861
636, -1998, 1069
-,-,-
-322, 63, 90
-302, 242, 270
-196, 558, 333
-30, 925, 192
97, 1265, 22
97, 1265, 22
301, 1458, 39
465, 1276, 257
432, 934, 694
484, 326, 640
750, -6, 191
750, -6, 191
970, -478, 77
1206, -1695, 768
1314, -1998, 1011
1073, -1998, 453
865, -1998, 253
-,-,-
-343, 235, 277
-234, 1019, 545
44, 1726, 392
441, 1997, 168
803, 1763, 307
803, 1763, 307
918, 1149, 549
698, 431, 688
644, -206, 463
913, -721, 177
990, -1608, 288
838, -1998, -84
526, -1998, 141
251, -1998, 495
92, -1998, 371
-,-,-
-366, 157, 307
-271, 530, 415
-140, 985, 388
49, 1570, 246
49, 1570, 246
356, 1974, 124
599, 1907, 249
643, 1365, 229
660, 781, -34
758, -63, 172
950, -746, 502
950, -746, 502
957, -1642, 873
708, -1998, 589
1095, -1998, 254
-,-,-
-373, -14, 262
-257, 363, 89
-257, 363, 89
-155, 742, 103
35, 1041, 141
210, 1156, 129
453, 1286, 142
535, 1331, 276
331, 867, 385
331, 867, 385
316, 270, 312
598, -302, 26
421, -1514, 19
378, -1998, -215
563, -1998, -118
881, -1998, 376
-,-,-
-353, 7, -9
-336, 92, 112
-131, 645, 281
235, 1658, 625
693, 1942, 684
709, 1178, 761
709, 1178, 761
454, 405, 244
64, -104, -229
105, -529, -303
377, -996, 90
421, -1909, -51
559, -1998, -596
857, -1998, 134
-,-,-
-409, -183, 76
-315, -156, -11
-175, 149, -77
-76, 569, -329
54, 923, -132
301, 1237, 113
301, 1237, 113
485, 1378, 196
463, 1044, 411
435, 355, 744
393, -225, 956
442, -687, 1247
504, -1495, 563
786, -1998, -424
866, -1998, -539
-,-,-
-282, 388, 446
-188, 535, 327
-188, 535, 327
-143, 603, 418
-82, 702, 417
115, 771, 117
243, 583, -121
127, 312, -304
115, 143, -177
115, 143, 233
390, -196, 233
421, -623, 202
400, -594, 66
885, -765, -209
1258, -1762, 28
-,-,-
-431, 80, 380
-246, 529, 297
-26, 1036, 181
60, 1285, 393
112, 1042, 504
112, 1042, 504
315, 896, 44
451, 772, -349
479, 323, -288
462, -425, -3
309, -929, 184
405, -929, -120
405, -866, -120
540, -1097, -315
706, -1386, 180
1010, -1911, 520
1370, -1998, 408
834, -1998, 369
394, -1998, 456
-,-,-
-362, 218, 170
-255, 513, 152
-168, 840, 200
-73, 1137, 344
-73, 1137, 344
94, 1353, 482
464, 1367, 220
574, 1056, -141
528, 491, -3
526, -84, 76
526, -84, 76
601, -813, -166
460, -1167, -532
345, -1605, -152
332, -1998, 322
468, -1998, 329
754, -1998, -290
-,-,-
-299, 87, 242
-207, 298, 200
-192, 573, 305
-60, 995, 452
264, 1609, 220
547, 1707, 34
547, 1707, 34
730, 1245, 49
670, 298, 140
391, -689, 227
319, -1092, 130
199, -1741, 8
-5, -1973, -86
-5, -1973, -86
50, -1659, -407
196, -1412, -109
437, -1280, 392
459, -1771, 249
-,-,-
-245, 260, 60
-259, 426, 9
-259, 426, 9
-272, 616, 121
-150, 828, 233
76, 1116, 99
272, 1273, 205
357, 860, -61
357, 860, -61
267, 232, -44
268, -224, 159
458, -750, 67
302, -1792, -289
-36, -1748, -487
59, -1319, -187
285, -1185, 351
528, -1513, 442
732, -1945, 153
780, -1998, -276
661, -1998, -404
-,-,-
-304, 116, 195
-267, 195, 217
-150, 480, 152
-162, 428, 226
-175, 319, 502
-175, 319, 502
197, 648, 561
267, 937, 298
112, 865, 293
127, 412, 50
263, -52, -451
263, -52, -451
348, -91, -513
624, 149, -286
797, -1107, -310
360, -1998, 88
340, -1882, 196
704, -1500, 97
919, -1984, 310
809, -1998, 218
661, -1998, -456
275, -1998, -709
-,-,-
-399, 164, 251
-399, 164, 251
-371, 299, 356
-352, 448, 358
-277, 774, 325
-92, 1281, 444
10, 1701, 301
203, 1584, 185
325, 978, 236
325, 978, 236
281, 338, 221
549, 58, -30
796, -335, -75
782, -1075, 3
782, -1075, 3
648, -1898, 180
550, -1998, 577
590, -1998, 216
564, -1998, -286
708, -1998, -776
-,-,-
-317, -8, 292
-252, 289, 448
-173, 766, 322
31, 1348, 223
287, 1694, 125
287, 1694, 125
473, 1622, 170
556, 1254, 322
502, 664, 294
476, -228, 143
575, -895, 42
391, -804, 48
391, -804, 48
461, -653, -93
445, -1755, -2
544, -1998, 37
618, -1890, -609
902, -1633, -1267
781, -1998, -762
637, -1998, 9
665, -1998, 135
-,-,-
-277, 378, 446
-124, 746, 230
-25, 1096, 291
45, 1237, 446
92, 1019, 400
174, 655, 240
174, 655, 240
301, 398, 207
327, -300, 267
304, -1055, 315
231, -1227, 74
-2, -1276, -384
112, -1148, -454
624, -924, -271
1135, -1081, -32
1288, -1627, -644
1211, -1998, -741
1135, -1998, -77
-,-,-
-351, -80, 165
-261, 43, 95
-376, -23, 218
-466, 23, 314
-466, 23, 314
-392, 218, 422
-194, 368, 441
-93, 381, 528
-78, 389, 563
112, 507, 149
314, 438, -341
314, 438, -341
379, 302, -549
431, 479, -88
616, 248, 162
504, -685, 43
504, -1010, 130
781, -1283, 577
781, -1283, 577
1062, -1820, 672
-,-,-
-393, -201, 106
-404, -77, 193
-364, 55, 119
-315, 192, 82
-284, 237, 225
-284, 237, 225
-211, 268, 444
-138, 376, 477
-25, 435, 319
0, 363, 379
-62, -100, 186
-62, -100, 186
-221, -894, -549
-249, -940, -534
-45, -201, -91
206, -104, -30
537, -322, 25
678, -1107, -296
576, -1934, -4
828, -1618, 407
1076, -1639, 441
1284, -1943, 73
-,-,-
-329, -71, 291
-257, 242, 327
-310, 406, 374
-298, 465, 428
-298, 465, 428
-274, 457, 330
-116, 620, 469
4, 614, 452
79, 410, 392
134, 313, 220
134, 313, 220
218, 283, 5
475, 230, -230
541, -223, -538
511, -968, -504
610, -1261, -350
918, -937, -611
1180, -1332, -373
1348, -1981, 909
-,-,-
-304, -149, 170
-304, -149, 170
-308, -37, 105
-344, 70, 146
-264, 253, 206
-90, 484, 246
-20, 380, 358
6, 307, 482
6, 307, 482
71, 488, 421
173, 355, -31
105, -322, -525
-18, -506, -296
-18, -506, -101
196, -136, -101
235, -368, 114
433, -460, -100
1048, -496, -595
1431, -1743, -264
1292, -1998, 217
-,-,-
-413, -241, 272
-322, -160, 243
-220, -36, 98
-272, 36, 94
-316, 95, 278
-316, 95, 278
-311, 244, 379
-152, 571, 352
3, 817, 319
94, 814, 396
157, 813, 449
157, 813, 449
282, 715, 172
401, 289, -53
396, -329, 81
308, -741, 282
337, -874, 74
337, -874, 74
403, -1275, -363
486, -1830, -471
489, -1998, -257
771, -1831, -307
1045, -1956, -593
-,-,-
-242, -234, 47
-277, -257, 22
-311, -274, 72
-345, -342, 88
-367, -312, 91
-331, -220, 137
-299, -53, 144
-265, 196, 199
-265, 196, 199
-117, 534, 257
44, 933, 280
251, 1173, 379
390, 1096, 371
433, 707, 261
330, 193, 136
330, 193, 136
212, -308, -154
118, -683, -325
55, -893, -242
-30, -1486, 185
-64, -1793, -299
126, -1331, -623
422, -1097, -204
-,-,-
-237, -82, 102
-321, 144, 185
-336, 367, 206
-244, 468, 208
-53, 540, 117
-62, 623, -3
-189, 524, -6
-189, 524, -6
-115, 286, -46
77, 211, 149
268, 395, 120
216, -409, -15
249, -1330, 551
249, -1330, 551
861, -1136, 91
1351, -1402, -835
1273, -1998, 162
-,-,-
-305, 68, 190
-258, 211, 183
-235, 149, 201
-235, 149, 201
-226, 67, 161
-201, 55, 221
-293, 27, 344
-256, -53, 336
-257, -354, 109
-262, -587, 5
-262, -587, 5
-221, -597, -117
-13, -391, -162
306, -136, -93
368, -362, -341
239, -1039, -242
396, -1137, -94
663, -1284, -157
554, -1921, -9
474, -1998, 190
599, -1998, -138
-,-,-
-221, 309, 190
-221, 309, 190
-267, 137, 198
-280, -9, 97
-227, 78, -27
-126, 214, -7
-36, 68, 86
-36, 68, 86
-39, -285, 10
-93, -293, 135
8, -325, 350
8, -325, 350
-9, -828, 227
-276, -1108, 229
-318, -893, 364
-138, -783, -36
20, -878, -48
68, -960, 208
344, -837, 21
344, -837, 21
851, -939, -331
1147, -1467, -471
1195, -1937, -225
-,-,-
-221, 349, 179
-125, 404, 61
-167, 155, 41
-167, 155, 41
-237, -266, 24
-177, -261, 81
123, -225, 99
251, -535, 67
262, -1073, -137
322, -1442, -300
335, -1455, 101
204, -1838, 230
204, -1838, 230
222, -1998, -151
-,-,-
-368, -186, -14
-306, -65, -82
-287, 93, 100
-300, 180, 388
-300, 180, 388
-85, 537, 605
132, 679, 424
128, 355, 236
16, -104, 328
-44, -418, 444
-114, -547, 279
-114, -547, 279
-170, -679, -55
-394, -957, -221
-264, -515, -241
169, -441, -1043
470, -832, -1175
515, -1161, -628
817, -1869, -453
928, -1998, -549
-,-,-
-289, -85, 154
-223, 68, -2
-239, 196, 135
-269, 161, 259
-156, 188, 220
2, 455, 400
2, 455, 400
34, 383, 245
32, 59, 196
-62, -294, 184
-313, -1165, -144
-603, -1431, -337
-439, -385, 212
0, 488, 551
0, 488, 551
66, -624, -35
-27, -1494, -626
150, -1075, -579
467, -741, -212
658, -1331, 111
-,-,-
-341, -223, 280
-332, 73, 154
-281, 591, 137
-281, 591, 137
-232, 894, 224
-103, 877, 143
-43, 634, 3
-251, 9, -93
-386, -451, 118
-386, -451, 118
-203, -495, 38
-178, -357, -96
-47, -247, -184
170, -536, -71
329, -939, 160
465, -1296, 224
498, -1370, -92
-,-,-
-410, 183, 234
-410, 183, 234
-366, 96, 208
-174, 305, -30
-246, 416, -115
-342, 248, 334
-129, -175, 381
-130, -655, -32
-244, -390, -203
83, 349, -5
83, 349, -5
21, -591, -21
-347, -1335, -182
-342, -821, -581
-9, -527, -561
194, -1224, -151
88, -1779, 112
265, -1489, 296
580, -1696, 130
575, -1998, -57
575, -1998, -57
-,-,-
-319, -381, 23
-307, -363, 36
-375, -252, 97
-425, 187, 338
-321, 897, 555
-70, 1644, 351
-70, 1644, 351
-13, 1734, 19
-31, 1282, -172
-60, 870, -9
-63, 428, 303
150, -566, -86
194, -1273, -318
442, -1607, -252
299, -1990, -325
121, -1998, -89
472, -1763, 429
472, -1763, 429
652, -1734, 275
477, -1998, -88
378, -1998, -270
465, -1992, -527
395, -1914, -426
-,-,-
-196, -255, -62
-196, -255, -62
-300, -76, 109
-304, 254, 232
-238, 621, 256
-250, 688, 62
-396, 641, 162
-380, 671, 412
-288, 110, -22
-288, 110, -22
-295, -244, -276
-392, -416, -47
-219, -783, 227
-37, -1111, 172
56, -1128, -300
224, -1173, -124
471, -1144, -25
678, -1638, -162
659, -1998, -715
567, -1998, -640
537, -1998, -94
578, -1998, 91
-,-,-
-270, -33, 283
-284, -47, 284
-360, -88, 322
-358, -65, 391
-304, -3, 186
-308, 62, -5
-308, 62, -5
-394, 95, 40
-398, 177, 116
-314, 313, 294
-280, 12, 154
-280, 12, 154
-435, -294, -324
-403, -42, -178
72, -3, 110
228, -764, 114
45, -1207, -61
208, -1334, -417
587, -1749, -374
658, -1880, 129
614, -1998, 350
864, -1998, 5
864, -1998, 5
-,-,-
-212, 267, 584
-16, 486, 365
36, 508, -21
36, 508, -21
-139, 220, 67
-402, 100, 264
-604, 83, 112
-586, -73, -277
-294, -266, -258
57, -456, -379
57, -456, -379
34, -1076, -419
154, -1594, -443
627, -1982, -612
733, -1998, 77
480, -1998, 400
334, -1998, 225
197, -1998, 123
-,-,-
-390, -71, 1
-482, -245, -23
-571, -321, 281
-468, -322, 671
-320, -518, 423
-253, -769, -256
-81, -661, -645
136, -872, -614
136, -872, -614
254, -1479, 14
443, -1659, 241
513, -1891, -352
674, -1758, -578
-,-,-
-194, 42, 73
-206, 188, 128
-226, 329, 265
-236, 494, 330
-236, 494, 330
-189, 556, 349
-301, 418, 8
-464, 183, -324
-494, 57, -11
-345, -222, 257
-239, -114, 122
42, -263, -981
42, -263, -981
440, -1101, -1139
717, -1911, -386
831, -1998, 125
718, -1998, -220
412, -1998, -14
-,-,-
-207, 308, 413
-16, 1264, 416
19, 1548, 418
-134, 1321, 763
-33, 1316, 721
0, 1165, 782
0, 1165, 782
-246, -62, 556
-245, -836, 177
61, -1121, 297
206, -1242, 187
530, -1830, -1139
786, -1998, -697
955, -1998, -156
904, -1998, 62
540, -1998, -155
529, -1998, -876
460, -1998, -1089
-,-,-
-410, -76, 209
-273, 122, 204
-273, 122, 204
-244, 349, 343
-204, 473, 560
-93, 583, 635
82, 596, 445
-81, 415, 219
-81, 415, 219
-230, 365, 133
-156, 281, 264
-506, -438, 390
-1022, -1254, -499
-546, -991, -1398
462, 352, -330
1133, 831, -348
1346, -957, -313
1851, -1998, -123
