-,-,-
327, 0, 911
763, 209, 978
1525, 566, 1136
1525, 566, 1136
1997, 1017, 1460
1997, 1544, 1807
1998, 1676, 1537
1998, 1110, 901
1997, -156, 292
1924, -1558, -68
1101, -1998, 22
159, -1998, 301
-321, -1998, 302
-889, -1998, 810
-893, -1965, 724
-776, -1480, 796
-671, -1322, 1067
-576, -1396, 1286
-478, -1375, 1313
-464, -1277, 1138
-398, -1210, 918
-,-,-
314, -42, 956
638, 116, 888
1239, 594, 910
1974, 1177, 951
1997, 1870, 1320
1997, 1997, 1421
1997, 1447, 1051
1998, -1436, 1474
1943, -1998, 1959
521, -1998, 1092
-1189, -1998, 27
-1944, -1998, -287
-1933, -1998, -52
-1515, -1642, 273
-1163, -938, 483
-921, -833, 811
-,-,-
1266, 578, 1260
1892, 1103, 1202
1997, 1867, 1131
1997, 1997, 1041
1997, 1838, 1183
1997, -899, 1669
1997, -1998, 1933
1315, -1998, 1059
-867, -1998, 403
-1926, -1998, 218
-1802, -1998, 217
-1474, -1583, 401
-1328, -1075, 596
-1140, -1003, 774
-923, -1127, 809
-,-,-
1965, 1149, 1525
1997, 1927, 1734
1997, 1997, 1369
1997, 1987, 947
1997, 1987, 947
1997, 315, 1073
1997, -1906, 1621
1334, -1998, 1632
-607, -1998, 995
-1521, -1998, 142
-1501, -1998, 91
-1191, -1605, 461
-756, -461, 996
-756, -461, 996
-653, -642, 1037
-,-,-
1883, 1103, 1510
1997, 1623, 1616
1997, 1995, 1681
1997, 1997, 1268
1997, 1862, 856
1997, -257, 1195
1994, -1995, 1978
1087, -1998, 1924
-735, -1998, 835
-1717, -1998, -752
-1771, -1998, -1118
-1046, -668, 246
-843, -513, 746
-843, -513, 746
-,-,-
1853, 1155, 1482
1997, 1960, 1954
1997, 1997, 1849
1997, 1997, 1465
1997, 1337, 1205
1997, -959, 1512
1997, -1998, 1570
1284, -1998, 788
-664, -1998, -127
-1440, -1998, -482
-1551, -1998, -74
-1306, -1800, 522
-997, -929, 794
-726, -550, 928
-,-,-
1844, 1083, 1303
1997, 1944, 1237
1997, 1997, 918
1997, 1997, 557
1997, 1070, 373
1997, -1862, 1430
1997, -1998, 1653
1492, -1998, 1265
-182, -1998, 1155
-782, -1998, 103
-1124, -1998, 210
-1063, -1865, 540
-887, -1370, 815
-652, -1177, 1074
-,-,-
948, 318, 1168
1613, 1014, 1349
1997, 1886, 1396
1997, 1997, 1372
1997, 1997, 1227
1997, 1681, 548
1997, -409, 957
1997, -409, 957
1997, -1965, 1556
1806, -1998, 1615
446, -1998, 1119
-623, -1998, 668
-1193, -1998, 1107
-1292, -1998, 990
-884, -1429, 550
-571, -708, 582
-367, -475, 853
-,-,-
873, 380, 770
1246, 748, 913
1843, 1462, 1454
1997, 1996, 1729
1997, 1997, 1629
1997, 1997, 1209
1997, 1517, 1182
1997, -1191, 1572
1997, -1998, 1756
1538, -1998, 1678
-52, -1998, 837
-1198, -1998, 159
-1558, -1998, 285
-1337, -1923, 397
-1039, -1037, 484
-799, -569, 510
-489, -490, 751
-,-,-
1997, 1943, 1417
1997, 1997, 1123
1997, 1914, 986
1997, 894, 589
1997, -1338, 948
1997, -1998, 1680
1567, -1998, 1361
420, -1998, 317
-406, -1998, -261
-774, -1998, 147
-810, -1981, 665
-670, -1446, 1010
-541, -1221, 1096
-543, -1341, 1051
-453, -1336, 942
-,-,-
1570, 797, 1452
1997, 1702, 1707
1997, 1997, 1564
1997, 1997, 1379
1997, 1194, 1421
1997, -983, 1805
1997, -1921, 1368
1997, -1998, 314
1621, -1998, -397
386, -1998, -470
-500, -1998, 344
-,-,-
1361, 745, 1255
1916, 1149, 1375
1997, 1811, 1444
1997, 1997, 1206
1997, 1997, 898
1997, 1272, 737
1997, -1328, 1341
1997, -1998, 1836
1951, -1998, 893
971, -1998, -301
99, -1998, -731
-410, -1998, 117
-707, -1998, 799
-,-,-
1225, 767, 1247
1901, 1065, 1491
1997, 1656, 1585
1997, 1997, 1685
1997, 1997, 1333
1997, 488, 1559
1997, -1971, 1998
1990, -1998, 1984
1253, -1998, -101
196, -1998, -1666
-571, -1998, -1098
-,-,-
1997, 1520, 1856
1997, 1942, 1936
1997, 1997, 1925
1997, 1928, 1669
1997, -358, 1654
1997, -1998, 1917
1788, -1998, 587
356, -1998, -1041
-509, -1998, -850
-684, -1998, 65
-,-,-
831, 276, 1093
1284, 530, 1205
1922, 1074, 1728
1997, 1784, 1860
1997, 1997, 1710
1997, 1997, 1516
1997, 1126, 1261
1997, -1079, 1186
1997, -1998, 393
1391, -1998, -1126
285, -1998, -1454
-56, -1998, -734
-264, -1998, 458
-,-,-
1440, 918, 1519
1941, 1622, 1764
1997, 1997, 1770
1997, 1997, 1496
1997, 1991, 1122
1997, 623, 896
1997, -1741, 1563
1997, -1998, 1165
1744, -1998, 316
444, -1998, -731
-,-,-
1837, 952, 1546
1837, 952, 1546
1997, 1803, 1905
1997, 1997, 1926
1997, 1997, 1923
1997, 1205, 1591
1997, -1011, 1459
1997, -1998, 1462
1976, -1998, 474
866, -1998, -770
-95, -1998, -1092
-,-,-
1997, 1627, 1946
1997, 1989, 1998
1997, 1997, 1995
1997, 1475, 1794
1997, -509, 1994
1997, -1953, 1998
1997, -1998, 1499
1297, -1998, -1072
50, -1998, -1997
-213, -1998, -1148
-218, -1998, 505
-43, -1847, 1264
-,-,-
1427, 898, 1583
1984, 1433, 1914
1997, 1942, 1998
1997, 1997, 1992
1997, 1959, 1623
1997, 821, 1634
1997, -739, 1892
1997, -1948, 1603
1825, -1998, 131
622, -1998, -1557
-485, -1998, -1630
-634, -1998, -879
-,-,-
1745, 625, 1522
1997, 963, 1837
1997, 1676, 1998
1997, 1997, 1998
1997, 1997, 1862
1997, 1545, 1141
1997, -618, 1102
1997, -1991, 1052
1955, -1998, -210
880, -1998, -838
-265, -1998, -804
-459, -1998, -691
-745, -1998, -205
-758, -1974, 371
-,-,-
1942, 984, 1982
1997, 1830, 1970
1997, 1997, 1698
1997, 1779, 1143
1997, 23, 1759
1997, -1570, 1579
1997, -1998, 775
1479, -1998, -34
230, -1998, -946
-302, -1998, -1226
-803, -1998, -208
-1034, -1981, 116
-,-,-
1997, 1732, 1943
1997, 1997, 1953
1997, 1997, 1683
1997, 1556, 1425
1997, -120, 1218
1997, -1875, 802
1796, -1998, 459
485, -1998, -293
-120, -1998, -974
-340, -1998, -788
-,-,-
1974, 825, 1974
1997, 1594, 1978
1997, 1996, 1777
1997, 1997, 1255
1997, 1410, 963
1997, -631, 749
1997, -1998, 814
1564, -1998, 278
352, -1998, -512
-323, -1998, -252
-,-,-
1717, 1562, 1779
1997, 1997, 1984
1997, 1997, 1798
1997, 1997, 1544
1997, 1715, 1221
1997, -303, 1003
1997, -1903, 419
1842, -1998, 967
984, -1998, 500
434, -1998, -448
-,-,-
1997, 1970, 1906
1997, 1997, 1928
1997, 1997, 1995
1997, 1453, 1575
1997, -686, 1375
1997, -1998, 1168
1398, -1998, 1031
220, -1998, 144
-462, -1998, -475
-,-,-
872, 383, 1388
1396, 525, 1628
1985, 952, 1715
1997, 1373, 1946
1997, 1365, 1998
1997, 1181, 1954
1997, 153, 1891
1997, -1075, 1695
1996, -1813, 1103
1269, -1998, -1131
188, -1998, -1696
-205, -1998, -1466
-677, -1998, -84
-768, -1998, 310
-,-,-
1356, 630, 1842
1957, 1118, 1978
1997, 1628, 1998
1997, 1908, 1998
1997, 1779, 1976
1997, 1101, 1834
1997, -528, 1484
1997, -1867, 943
1570, -1998, 86
627, -1998, -784
-306, -1998, -482
-390, -1998, 170
-617, -1998, 819
-403, -1626, 816
-340, -1270, 900
-,-,-
1687, 776, 1959
1997, 891, 1953
1997, 1465, 1992
1997, 1815, 1985
1997, 1997, 1670
1997, 1606, 1114
1997, -280, 435
1997, -1976, -222
1188, -1998, -340
-97, -1998, -1290
-533, -1998, -808
-670, -1998, 306
-569, -1985, 495
-,-,-
1101, 691, 1376
1769, 1242, 1857
1997, 1905, 1998
1997, 1997, 1998
1997, 1997, 1688
1997, 1129, 1568
1997, -1061, 1913
1990, -1998, 1654
1187, -1998, 220
-23, -1998, -1048
-388, -1998, -648
-446, -1990, -33
-96, -1401, 466
-331, -1957, 1357
-429, -1964, 1279
-,-,-
1747, 809, 1775
1997, 1179, 1941
1997, 1910, 1998
1997, 1997, 1998
1997, 1623, 1878
1997, 268, 1122
1997, -1738, 241
1872, -1998, -83
560, -1998, -607
-482, -1998, -1331
-371, -1998, -1145
-,-,-
1499, 718, 1502
1952, 1346, 1690
1997, 1758, 1835
1997, 1961, 1327
1997, 1553, 1161
1997, 278, 1329
1997, -661, 891
1952, -1725, 374
985, -1998, -119
-292, -1998, -102
-961, -1998, 31
-,-,-
1562, 723, 1828
1985, 1219, 1941
1997, 1958, 1938
1997, 1997, 1304
1997, 1350, 614
1997, -978, 896
1997, -1998, 890
1182, -1998, 34
-100, -1998, 43
-1047, -1998, 337
-1205, -1998, -395
-1026, -1730, 101
-,-,-
1996, 1176, 1860
1996, 1176, 1860
1997, 1411, 1998
1997, 1279, 1789
1997, 705, 1168
1997, -439, 1267
1952, -1807, 1586
1085, -1998, 1170
53, -1998, 433
-489, -1998, 4
-478, -1994, -843
-775, -1998, 477
-,-,-
1801, 1458, 1551
1997, 1922, 1687
1997, 1997, 1868
1997, 1971, 1806
1997, 1139, 970
1997, -772, 1195
1938, -1973, 1973
728, -1998, 1633
-607, -1998, 748
-958, -1998, -16
-,-,-
1387, 823, 1928
1950, 1467, 1828
1997, 1977, 1996
1997, 1997, 1881
1997, 1809, 1659
1997, 726, 1512
1997, -1242, 1407
1650, -1998, 1192
530, -1998, 301
-,-,-
1254, 785, 1720
1962, 1188, 1998
1997, 1180, 1939
1997, 1418, 1997
1997, 1534, 1594
1997, 1382, 874
1997, 1382, 874
1997, -91, 346
1939, -1878, 235
-,-,-
1616, 1184, 1645
1997, 1563, 1992
1997, 1874, 1990
1997, 1980, 1924
1997, 1793, 1559
1997, 284, 1705
1997, -1188, 1650
1902, -1998, 556
544, -1998, -437
-650, -1998, -100
-1019, -1998, 33
-,-,-
805, 259, 1421
1311, 442, 1876
1894, 989, 1998
1997, 1543, 1998
1997, 1460, 1987
1997, 1643, 1926
1997, 1493, 1024
1997, -660, 516
1712, -1998, 565
259, -1998, 263
-608, -1998, -278
-1117, -1998, -1202
-,-,-
919, 684, 1387
919, 684, 1387
1672, 1149, 1933
1997, 1136, 1998
1997, 1372, 1998
1997, 1374, 1998
1997, 1281, 1975
1997, 581, 1474
1917, -928, 787
1043, -1965, -158
-,-,-
952, 377, 1561
1462, 730, 1661
1979, 1028, 1848
1997, 1261, 1998
1997, 1563, 1957
1997, 1514, 1518
1997, 477, 1312
1994, -1342, 1280
1191, -1998, 937
-95, -1998, -86
-701, -1998, -735
-789, -1998, -561
-704, -1912, -384
-,-,-
1993, 698, 1928
1997, 1096, 1998
1997, 1612, 1884
1997, 1388, 1510
1997, 564, 1138
1997, 564, 1138
1997, -734, 876
1504, -1960, 988
712, -1998, 523
365, -1998, -554
235, -1998, -1015
-,-,-
1152, 235, 1603
1687, 656, 1839
1687, 656, 1839
1908, 1421, 1905
1997, 1769, 1998
1997, 1609, 1998
1997, 720, 1868
1997, -516, 1503
1757, -1714, 1037
867, -1998, 598
169, -1998, 87
-,-,-
645, 268, 1220
1012, 396, 1559
1815, 1001, 1781
1997, 1681, 1685
1997, 1846, 1904
1997, 1194, 1998
1997, 716, 1978
1997, 26, 1470
1997, 26, 1470
1877, -1331, 919
694, -1998, 324
-374, -1998, -258
-740, -1998, -780
-,-,-
1243, 317, 1440
1866, 1081, 1882
1997, 1434, 1998
1997, 1731, 1798
1997, 1344, 1073
1997, 165, 538
1997, 165, 538
1997, -1500, 591
1857, -1998, 722
862, -1998, -803
25, -1998, -1156
-,-,-
1032, 544, 1610
1709, 863, 1903
1997, 1510, 1998
1997, 1707, 1975
1997, 1696, 1988
1997, 1172, 1668
1997, -27, 1047
1980, -1443, 258
1095, -1998, -268
87, -1998, -194
-605, -1998, 133
-1039, -1998, 726
-,-,-
1472, 442, 1563
1959, 1394, 1618
1997, 1997, 1794
1997, 1997, 1998
1997, 1997, 1810
1997, 921, 1667
1997, -1413, 1972
1771, -1998, 1715
889, -1998, 180
-207, -1998, -1590
-,-,-
1493, 804, 1656
1493, 804, 1656
1919, 950, 1864
1997, 1283, 1777
1997, 1461, 1827
1997, 1204, 1879
1997, 505, 1852
1997, -664, 1728
1837, -1800, 1468
632, -1998, 739
-502, -1998, -420
-1060, -1998, -1405
-,-,-
1296, 702, 1647
1783, 1195, 1813
1997, 1619, 1957
1997, 1995, 1958
1997, 1997, 1627
1997, 1950, 1235
1997, 659, 1053
1997, -1470, 1094
1871, -1998, 1005
-,-,-
1219, 729, 1466
1693, 1134, 1607
1997, 1581, 1635
1997, 1716, 1365
1997, 1363, 1718
1997, 1011, 1587
1997, 114, 1203
1891, -1282, 733
1891, -1282, 464
961, -1998, 464
174, -1998, 447
-248, -1998, 385
-518, -1998, 380
-649, -1998, 9
-,-,-
1899, 1839, 1705
1997, 1997, 1425
1997, 1997, 1299
1997, 1635, 1518
1997, 502, 1987
1997, -781, 1998
1988, -1373, 1953
1536, -1829, 462
896, -1998, -1247
336, -1998, -1787
35, -1998, -901
-,-,-
1722, 1390, 1949
1991, 1843, 1998
1997, 1997, 1998
1997, 1968, 1895
1997, 1012, 1828
1997, -304, 1968
1904, -1390, 1347
1129, -1998, 367
414, -1998, -771
-,-,-
1390, 712, 1938
1943, 1296, 1998
1997, 1900, 1998
1997, 1997, 1998
1997, 1951, 1998
1997, 1524, 1530
1997, -106, 838
1997, -1832, 490
1801, -1998, -312
692, -1998, -586
-80, -1998, -449
-,-,-
1389, 501, 1762
1389, 501, 1762
1971, 1015, 1998
1997, 1801, 1998
1997, 1937, 1998
1997, 1463, 1828
1997, 524, 1152
1934, -1198, 837
873, -1998, 729
-27, -1998, 337
-,-,-
1636, 1082, 1813
1997, 1367, 1998
1997, 1222, 1998
1997, 1356, 1998
1997, 1066, 1900
1997, 360, 1250
1949, -934, 273
1377, -1989, 174
769, -1998, 368
769, -1998, 368
-146, -1998, 154
-633, -1998, 269
-,-,-
996, 553, 1749
1360, 735, 1998
1945, 1400, 1998
1997, 1982, 1998
1997, 1967, 1998
1997, 1111, 1836
1997, -942, 1709
1997, -1996, 1296
1520, -1998, 5
1520, -1998, 5
293, -1998, -1623
-376, -1998, -1970
-,-,-
1386, 305, 1665
1624, 589, 1789
1964, 805, 1996
1997, 1320, 1998
1997, 1505, 1886
1997, 628, 1373
1997, -802, 948
1997, -802, 948
1752, -1875, 40
544, -1998, -219
-355, -1998, -1059
-1045, -1998, -1180
-,-,-
1249, 235, 1996
1701, 785, 1950
1997, 1504, 1998
1997, 1523, 1998
1997, 1255, 1884
1997, 740, 1297
1997, -662, 899
1991, -1866, 439
1223, -1998, -190
-,-,-
575, -73, 1258
892, 63, 1525
1231, 403, 1764
1760, 1000, 1982
1997, 1194, 1998
1997, 1280, 1998
1997, 1084, 1998
1997, 313, 1642
1997, -1124, 1037
1824, -1998, 674
680, -1998, -277
-404, -1998, -1579
-820, -1998, -1765
-992, -1913, -1265
-,-,-
1407, 812, 1826
1973, 1288, 1944
1997, 1743, 1998
1997, 1830, 1998
1997, 1518, 1979
1997, 86, 1522
1772, -1727, 1291
747, -1998, 265
-97, -1998, -776
-454, -1998, -1119
-,-,-
1662, 628, 1837
1994, 996, 1998
1997, 1502, 1998
1997, 1964, 1998
1997, 1319, 1965
1997, -344, 1563
1950, -1819, 1113
1117, -1998, 318
384, -1998, -344
-279, -1998, -1239
-,-,-
722, 408, 1219
1207, 677, 1685
1774, 865, 1998
1997, 1106, 1998
1997, 980, 1998
1997, 974, 1998
1997, 674, 1911
1997, -351, 1167
1970, -1694, 349
1239, -1998, -524
153, -1998, -850
-533, -1998, -1124
-,-,-
1197, 419, 1592
1771, 340, 1886
1997, 384, 1998
1997, 631, 1998
1997, 418, 1995
1997, -171, 1779
1997, -895, 1157
1717, -1910, 604
814, -1998, -181
36, -1998, -644
-408, -1998, -1081
-,-,-
1155, 768, 1574
1883, 889, 1987
1997, 1433, 1998
1997, 1683, 1998
1997, 1457, 1998
1997, 737, 1997
1997, -873, 1488
1820, -1965, 232
983, -1998, -779
310, -1998, -1151
-,-,-
1914, 970, 1998
1997, 1310, 1900
1997, 1596, 1853
1997, 269, 1622
1997, -928, 1605
1992, -1565, 1198
1508, -1743, 737
688, -1686, -44
383, -1965, -248
227, -1998, 14
-,-,-
1997, 1432, 1932
1997, 1763, 1998
1997, 1526, 1998
1997, 690, 1959
1997, -558, 1483
1848, -1967, 1194
1172, -1998, -645
429, -1998, -1997
-76, -1998, -1821
-,-,-
1318, 794, 1778
1972, 1300, 1829
1997, 1613, 1998
1997, 1978, 1981
1997, 1599, 1306
1997, -668, 805
1842, -1998, 971
1008, -1998, 349
140, -1998, -874
-,-,-
1582, 515, 1536
1997, 963, 1889
1997, 1769, 1552
1997, 1437, 1169
1997, 165, 1054
1997, -778, 913
1872, -1679, 719
1039, -1998, 761
-227, -1998, 280
-997, -1998, 137
-,-,-
1938, 1518, 1817
1997, 1958, 1989
1997, 1784, 1849
1997, 366, 1991
1997, -1076, 1985
1997, -1673, 1376
1549, -1997, 264
529, -1998, -625
-519, -1998, -1309
-744, -1998, -1001
-,-,-
1671, 360, 1681
1990, 782, 1791
1997, 610, 1985
1997, 610, 1985
1997, 498, 1995
1997, 453, 1614
1997, -245, 1548
1966, -930, 1131
1095, -1982, 721
-435, -1998, -67
-1304, -1998, -1667
-,-,-
1272, 529, 1670
1815, 710, 1656
1997, 930, 1900
1997, 967, 1984
1997, 624, 1794
1997, -146, 1404
1997, -1526, 1263
1906, -1998, 896
599, -1998, -183
-553, -1998, -957
-1183, -1998, -1276
-,-,-
1158, 310, 1410
1812, 763, 1802
1997, 1556, 1974
1997, 1655, 1787
1997, 950, 1594
1997, -593, 1147
1997, -1892, 872
1787, -1998, 146
736, -1998, -511
-317, -1998, -892
-940, -1998, -745
-,-,-
1347, 490, 1622
1875, 1126, 1543
1997, 1509, 1329
1997, 1716, 1730
1997, 1123, 1718
1997, -287, 1211
1997, -1672, 1053
1886, -1998, 507
1041, -1998, -190
369, -1998, -286
6, -1998, -449
-,-,-
1917, 838, 1436
1997, 944, 1929
1997, 899, 1998
1997, 964, 1944
1997, 964, 1944
1997, 182, 1720
1997, -815, 1303
1702, -1963, 957
748, -1998, 489
-87, -1998, -602
-552, -1998, -1206
-,-,-
1022, -39, 1097
1022, -39, 1097
1603, 77, 1518
1997, 301, 1662
1997, 456, 1502
1997, 64, 1323
1997, -743, 1020
1968, -1749, 761
1230, -1998, 826
596, -1998, 757
173, -1998, 210
-187, -1998, -193
-641, -1998, -594
-919, -1998, -719
-1081, -1998, -447
-,-,-
1803, 616, 1534
1997, 1066, 1035
1997, 973, 1713
1997, 749, 1998
1997, -79, 1998
1997, -1691, 1864
1675, -1998, 1161
494, -1998, 275
-470, -1998, -623
-968, -1998, -995
-1121, -1998, -538
-1262, -1998, 13
-,-,-
917, 252, 1435
1532, 332, 1591
1997, 726, 1608
1997, 1384, 1832
1997, 907, 1998
1997, -706, 1998
1997, -1917, 1817
1997, -1998, 1126
1948, -1781, -96
966, -1901, -1225
-122, -1998, -1872
-313, -1998, -1718
-,-,-
598, -112, 1323
1082, 225, 1573
1697, 679, 1785
1997, 1171, 1904
1997, 1429, 1978
1997, 1210, 1998
1997, 389, 1998
1997, -590, 1903
1997, -1780, 1454
1780, -1998, 608
895, -1998, -806
108, -1998, -1453
-291, -1998, -1140
-,-,-
1953, 1023, 1844
1997, 1185, 1916
1997, 1306, 1998
1997, 991, 1998
1997, -174, 1802
1997, -1778, 1122
1950, -1998, 353
867, -1998, -840
-22, -1998, -1540
-437, -1998, -1726
-856, -1998, -1320
-966, -1866, -1442
-621, -1302, -655
-,-,-
577, -16, 1180
893, -113, 1386
1440, -344, 1631
1993, 339, 1920
1997, 725, 1998
1997, 811, 1998
1997, -112, 1891
1997, -1505, 1840
1958, -1939, 1129
1308, -1682, -401
483, -1552, -1621
-51, -1998, -1625
-503, -1998, -1008
-880, -1998, -649
-1048, -1998, -670
-1080, -1998, 278
-,-,-
590, 92, 1082
838, 168, 1196
1116, 242, 1438
1593, 417, 1905
1993, 955, 1998
1997, 1298, 1951
1997, 1165, 1873
1997, 788, 1765
1997, -16, 1117
1997, -1647, 493
1085, -1998, 123
-166, -1998, -675
-1010, -1998, -1075
-,-,-
555, 31, 1180
887, 212, 1509
1629, 760, 1383
1997, 1232, 1128
1997, 933, 1755
1997, 825, 1998
1997, 825, 1998
1997, 665, 1996
1997, -501, 1885
1997, -1732, 1297
1578, -1998, 143
641, -1998, -802
-117, -1998, -1408
-367, -1998, -847
-347, -1998, 125
-,-,-
1090, 861, 1760
1867, 1537, 1894
1997, 1324, 1720
1997, 796, 1998
1997, 234, 1908
1997, -611, 1554
1997, -1478, 1176
1778, -1998, 491
850, -1998, -144
58, -1998, -1372
-313, -1998, -1061
-589, -1998, -649
-790, -1998, -275
-843, -1870, -20
-,-,-
1996, 1131, 1765
1997, 1980, 1884
1997, 1885, 1809
1997, 960, 1561
1997, -721, 1233
1997, -1873, 1056
1562, -1998, 527
918, -1998, -86
227, -1998, -577
-263, -1998, -998
-483, -1998, -411
-,-,-
610, -29, 1088
1169, 331, 1684
1169, 331, 1684
1908, 1083, 1418
1997, 1567, 1636
1997, 832, 1986
1997, 317, 1486
1997, -516, 954
1988, -1701, 688
1201, -1998, 561
236, -1998, 33
-401, -1998, -719
-651, -1998, -1293
-,-,-
1228, 214, 1411
1892, 1142, 1651
1997, 1951, 1475
1997, 1997, 1644
1997, 1814, 1823
1997, 968, 1464
1997, -1085, 1076
1709, -1998, 765
546, -1998, 37
-374, -1998, -296
-674, -1998, -575
-,-,-
1310, -358, 1302
1959, 556, 1340
1959, 556, 1340
1997, 1392, 974
1997, 1692, 1539
1997, 1214, 1962
1997, 598, 1530
1997, -893, 1142
1943, -1961, 805
969, -1998, 574
-220, -1998, 806
-,-,-
1997, 747, 1408
1997, 1390, 1725
1997, 1088, 1679
1997, 147, 1393
1997, -1229, 1246
1649, -1998, 408
588, -1998, -772
-380, -1998, -486
-666, -1994, -277
-635, -1732, -194
-636, -1817, -19
-623, -1936, 285
-,-,-
808, 437, 1055
808, 437, 1055
1349, 738, 1082
1952, 1124, 1270
1997, 1274, 1357
1997, 1454, 1434
1997, 1025, 1107
1997, -308, 1190
1997, -1759, 988
1713, -1998, 519
510, -1998, 189
-168, -1998, 135
-366, -1998, 256
-591, -1998, 587
-,-,-
1416, 540, 1584
1416, 540, 1584
1997, 1061, 1958
1997, 1628, 1998
1997, 1468, 1998
1997, 296, 1841
1997, -1368, 1410
1988, -1998, 804
1293, -1998, 315
299, -1998, -322
-336, -1998, -463
-,-,-
1376, 575, 1445
1924, 962, 1839
1997, 1726, 1861
1997, 1944, 1353
1997, 903, 1322
1997, -986, 871
1750, -1996, 720
705, -1998, 653
257, -1998, -347
-446, -1998, -503
-,-,-
1530, 446, 1469
1905, 805, 1619
1997, 1153, 1410
1997, 1429, 1356
1997, 1039, 1297
1997, -204, 1319
1997, -1303, 1285
1914, -1961, 913
1033, -1998, 410
-63, -1998, -320
-802, -1998, -750
-,-,-
1400, 485, 1364
1972, 964, 1621
1997, 1182, 1492
1997, 1310, 1564
1997, 929, 1120
1997, 929, 1120
1997, -402, 847
1980, -1678, 1095
1329, -1998, 1005
562, -1998, 253
-,-,-
1741, 408, 1839
1997, 1005, 1777
1997, 1505, 1343
1997, 1253, 1270
1997, 555, 994
1997, -369, 689
1754, -1636, 467
737, -1998, 541
-79, -1998, 100
-586, -1998, -15
-,-,-
1968, 842, 1378
1968, 842, 1378
1997, 1154, 1716
1997, 1314, 1661
1997, 856, 1295
1997, -215, 1230
1997, -1377, 1236
1882, -1874, 877
1124, -1998, 285
248, -1998, -233
-184, -1998, -500
-791, -1998, 77
-1137, -1998, 460
-,-,-
1731, 682, 1196
1731, 682, 1196
1997, 1661, 1467
1997, 1997, 1572
1997, 1860, 1529
1997, 286, 1294
1997, -1186, 1200
1974, -1993, 887
1428, -1998, 562
683, -1998, 152
-165, -1998, 531
-,-,-
1071, 196, 1389
1706, 597, 1697
1997, 770, 1820
1997, 1239, 1754
1997, 1186, 1449
1997, 351, 1295
1997, -651, 968
1869, -1358, 970
999, -1997, 837
380, -1998, 628
17, -1998, 61
-217, -1998, 79
-,-,-
1399, 661, 1827
1858, 825, 1931
1997, 965, 1885
1997, 965, 1885
1997, 715, 1960
1997, 9, 1842
1997, -893, 1529
1957, -1643, 1097
1325, -1977, 549
566, -1998, -31
-155, -1998, -520
-798, -1998, -803
-,-,-
1997, 1142, 1278
1997, 1142, 1278
1997, 749, 1673
1997, 140, 1686
1997, -926, 1171
1951, -1875, 1091
1250, -1998, 720
404, -1998, -43
-323, -1998, -436
-554, -1998, -428
-843, -1998, -47
-1181, -1998, -133
-,-,-
1630, 783, 905
1630, 783, 905
1997, 1167, 1138
1997, 1207, 1259
1997, 773, 1393
1997, -131, 1919
1997, -575, 1812
1997, -1222, 1139
1769, -1964, 324
655, -1998, -672
-572, -1998, -802
-1294, -1998, -933
-,-,-
1313, 220, 1288
1874, 555, 1667
1997, 1135, 1654
1997, 1557, 1368
1997, 1432, 1028
1997, 373, 600
1997, -1495, 864
1921, -1998, 1392
1036, -1998, 860
54, -1998, -195
-816, -1998, -776
-1334, -1998, -59
-,-,-
1966, 852, 1552
1997, 1117, 1375
1997, 944, 1434
1997, -321, 1388
1997, -1694, 1487
1997, -1998, 1168
1819, -1998, 655
1088, -1998, -57
423, -1998, -291
-217, -1998, -154
-867, -1998, -192
-,-,-
1476, 620, 1075
1989, 897, 937
1997, 929, 1251
1997, 1291, 1204
1997, 1382, 963
1997, 178, 809
1987, -1546, 972
1189, -1998, 1086
112, -1998, 619
-593, -1998, -137
-828, -1849, -783
-865, -1740, -328
-,-,-
1642, 861, 1249
1967, 1197, 1410
1997, 1454, 1881
1997, 1560, 1998
1997, 1232, 1870
1997, 69, 1691
1941, -1694, 1655
1102, -1998, 1010
190, -1998, 119
-450, -1998, -305
-879, -1998, -213
-1092, -1998, 290
-,-,-
1997, 1210, 1825
1997, 1680, 1710
1997, 1390, 1321
1997, -236, 1421
1997, -1825, 1814
1568, -1998, 1319
702, -1898, 454
-31, -1775, -301
-503, -1990, -150
-,-,-
1412, -180, 1236
1985, 158, 1875
1997, 1672, 1827
1997, 1867, 1232
1997, 231, 1887
1997, -1439, 1832
1980, -1994, 1125
1029, -1998, 881
-210, -1998, 312
-1322, -1998, 327
-1738, -1998, 106
-1815, -1973, -172
-1607, -1340, -187
-,-,-
1993, 690, 1213
1997, 1444, 1812
1997, 1692, 1651
1997, 802, 1137
1997, -1287, 1298
1601, -1998, 1039
-90, -1998, 734
-1008, -1998, 99
-1264, -1998, -310
-,-,-
1598, 535, 1103
1993, 558, 1072
1997, 868, 1014
1997, 1054, 994
1997, 435, 1121
1997, -791, 906
1997, -1852, 476
1685, -1998, 395
1685, -1998, 395
816, -1998, 197
-183, -1998, 18
-,-,-
1508, 389, 1317
1973, 1001, 1009
1997, 1475, 1125
1997, 1279, 1370
1997, -62, 1433
1997, -1702, 1604
1996, -1998, 1559
1491, -1951, 576
427, -1998, -528
-488, -1998, -892
-1016, -1998, -349
-996, -1946, -87
-939, -1624, 28
-1044, -1453, -103
-,-,-
1094, 187, 1345
1819, 808, 1644
1997, 1133, 1531
1997, 857, 1499
1997, 183, 1340
1997, -686, 1019
1862, -1608, 558
834, -1998, 633
141, -1998, 365
-532, -1998, 110
-1088, -1998, 98
-1121, -1843, -226
-,-,-
1859, 663, 1265
1997, 869, 1573
1997, 716, 1846
1997, 245, 1807
1997, 113, 1066
1997, -520, 655
1816, -1478, 690
936, -1998, 398
-133, -1998, 402
-985, -1998, 49
-1340, -1998, -160
-,-,-
1753, 767, 1291
1992, 682, 1506
1997, 778, 1613
1997, 1090, 1055
1997, 910, 764
1997, -139, 840
1997, -1343, 1050
1759, -1804, 644
1096, -1990, 295
399, -1998, 244
-,-,-
1992, 895, 1478
1997, 1230, 1418
1997, 1645, 1348
1997, 1354, 1085
1997, -356, 858
1987, -1864, 1205
1040, -1998, 1224
-155, -1998, 946
-1071, -1998, 119
-,-,-
1435, 365, 1322
1778, 485, 1562
1997, 926, 1219
1997, 1120, 885
1997, 1010, 1186
1997, 586, 1136
1997, -113, 737
1997, -1205, 507
1818, -1985, 230
912, -1998, -68
912, -1998, 101
-169, -1998, 101
-,-,-
1399, 494, 1230
1915, 1251, 1162
1997, 1627, 905
1997, 1772, 979
1997, 1608, 795
1997, 769, 366
1997, -699, 386
1916, -1970, 678
780, -1998, 1739
-178, -1998, 1700
-695, -1998, -65
-1229, -1998, -884
-,-,-
1467, 724, 1150
1845, 803, 1210
1997, 874, 1329
1997, 1214, 996
1997, 1184, 479
1997, 581, 350
1997, -709, 562
1780, -1612, 1148
1331, -1761, 1069
844, -1998, 444
38, -1998, 727
-,-,-
1466, 520, 1227
1930, 949, 1536
1997, 1365, 1548
1997, 1350, 1254
1997, 856, 1290
1997, 208, 1056
1997, -685, 1262
1580, -1845, 1292
512, -1998, 1196
-166, -1998, 318
-938, -1998, 134
-1425, -1998, -106
-,-,-
1048, 628, 1135
1326, 919, 1217
1806, 1334, 1445
1997, 1771, 1344
1997, 1637, 1238
1997, 741, 1237
1997, -336, 1092
1994, -1385, 1062
1480, -1978, 701
640, -1998, 183
60, -1998, -20
-652, -1998, 66
-1086, -1998, 16
-1202, -1998, 42
-1189, -1992, 129
-,-,-
1139, 755, 1004
1502, 1049, 1182
1849, 1201, 1571
1988, 1078, 1497
1997, 1145, 1073
1997, 1160, 1085
1997, 512, 1072
1997, -112, 1349
1968, -599, 942
1510, -1610, 578
800, -1969, 606
210, -1998, 830
-310, -1998, 1116
-701, -1998, 534
-,-,-
1263, 567, 1259
1682, 899, 1181
1967, 1148, 1225
1997, 1205, 1339
1997, 1131, 1141
1997, 1055, 1027
1997, 608, 857
1986, -1095, 1166
1496, -1998, 1292
727, -1998, 34
101, -1998, -859
-417, -1998, -1068
-,-,-
1471, 1039, 1119
1471, 1039, 1119
1723, 882, 1462
1980, 757, 1651
1997, 877, 1369
1997, 745, 1012
1997, 437, 1243
1997, -234, 1105
1962, -1030, 752
1247, -1949, 784
452, -1998, 657
-349, -1998, 20
-1012, -1998, -314
-1179, -1998, -563
-,-,-
1495, 504, 1659
1917, 873, 1352
1997, 1170, 1383
1997, 1104, 1521
1997, 779, 1659
1997, 654, 1277
1997, 70, 557
1952, -1279, 491
1239, -1998, 464
465, -1998, 383
-121, -1998, 196
-659, -1998, -543
-1135, -1998, -536
-,-,-
922, 364, 1034
1553, 689, 1237
1994, 1098, 1423
1997, 1294, 921
1997, 1013, 723
1997, -5, 970
1997, -737, 976
1628, -1224, 961
645, -1896, 817
-212, -1998, 372
-1083, -1998, 204
-1505, -1998, -52
-,-,-
1655, 777, 1602
1975, 1487, 1537
1997, 1938, 1227
1997, 1956, 1205
1997, 1625, 1275
1997, 832, 863
1997, -467, 323
1836, -1926, 495
955, -1998, 645
208, -1998, 361
-698, -1998, 398
-,-,-
1841, 1041, 1612
1997, 1502, 1757
1997, 1684, 1659
1997, 1665, 1476
1997, 853, 1137
1997, -481, 999
1982, -1717, 973
1249, -1998, 839
236, -1998, 560
236, -1998, 560
-381, -1998, 398
-,-,-
1299, 660, 1340
1886, 1061, 1515
1997, 1557, 1591
1997, 1988, 1361
1997, 1957, 989
1997, 1269, 384
1997, 97, 132
1979, -1630, 209
1149, -1998, 517
65, -1998, 876
65, -1998, 876
-,-,-
585, 111, 952
884, 68, 1102
1440, 537, 1426
1968, 1402, 1327
1997, 1983, 1304
1997, 1997, 1534
1997, 1733, 1227
1997, -28, 792
1997, -28, 792
1997, -1764, 604
1102, -1998, 835
-264, -1998, 1231
-1009, -1998, -72
-1482, -1998, -120
-,-,-
1061, 434, 1168
1506, 792, 1212
1942, 1202, 1379
1997, 1496, 1329
1997, 1910, 1251
1997, 1910, 1251
1997, 1986, 599
1997, 835, 464
1997, -1358, 983
1618, -1998, 1181
430, -1998, 712
-758, -1998, 1002
-,-,-
1256, 565, 1360
1847, 980, 1566
1997, 1472, 1489
1997, 1925, 1112
1997, 1934, 1017
1997, 720, 1246
1997, -1047, 1462
1740, -1998, 916
489, -1998, 1053
-615, -1998, 1026
-,-,-
1104, 855, 1120
1104, 855, 1120
1705, 1220, 1367
1997, 1662, 1362
1997, 1996, 1226
1997, 1934, 938
1997, 709, 924
1997, -1435, 1206
1779, -1998, 937
960, -1998, 1078
42, -1998, 1260
-,-,-
807, 325, 1162
1134, 465, 1275
1639, 806, 1524
1997, 1390, 1714
1997, 1895, 1584
1997, 1941, 782
1997, 1293, 701
1997, -200, 920
1815, -1705, 1140
626, -1998, 1329
-632, -1998, 925
-1469, -1998, 389
-1593, -1998, 51
-1315, -1891, -29
-,-,-
1163, 648, 891
1816, 928, 1247
1997, 1375, 1796
1997, 1560, 1717
1997, 1557, 1320
1997, 1122, 986
1997, -312, 863
1962, -1588, 593
1291, -1998, 318
248, -1998, 506
-534, -1998, 600
-1014, -1998, 705
-,-,-
1817, 1169, 1564
1997, 1899, 1985
1997, 1997, 1576
1997, 1528, 1354
1997, -729, 1437
1850, -1985, 1450
967, -1998, 1328
225, -1998, 447
-181, -1998, -29
-492, -1998, 99
-628, -1998, 383
-,-,-
1478, 678, 1892
1976, 1407, 1875
1997, 1980, 1565
1997, 1732, 1608
1997, 465, 1651
1997, -731, 1321
1566, -1944, 1235
655, -1998, 999
6, -1998, 665
-787, -1998, 36
-1209, -1998, -129
-1241, -1998, -209
-,-,-
1298, 472, 1454
1943, 1012, 1454
1997, 1647, 1725
1997, 1804, 1929
1997, 1278, 1838
1997, 20, 1137
1969, -1401, 1596
917, -1998, 1308
-556, -1998, 1174
-,-,-
892, 538, 1029
1180, 643, 1158
1608, 771, 1297
1994, 1229, 1427
1997, 1529, 1472
1997, 1383, 1298
1997, 800, 963
1997, -220, 1025
1961, -1400, 1083
1323, -1971, 880
486, -1998, 753
-437, -1998, 730
-1285, -1998, 1074
-1488, -1998, 689
-1407, -1998, 545
-,-,-
1602, 887, 1268
1997, 1320, 1457
1997, 1777, 1300
1997, 1997, 847
1997, 1234, 673
1997, -1018, 1140
1756, -1998, 1678
676, -1998, 1714
-45, -1998, 1501
-578, -1998, 1185
-868, -1998, 884
-1012, -1998, 561
-993, -1566, 28
-820, -1108, 323
-,-,-
1957, 1370, 1300
1997, 1894, 1362
1997, 1997, 976
1997, 1839, 711
1997, 132, 1002
1997, 132, 1002
1997, -1604, 1100
1476, -1998, 1164
259, -1998, 1124
-813, -1998, 709
-1346, -1998, 126
-1472, -1998, -156
-947, -900, 147
-,-,-
1981, 1090, 1379
1997, 1416, 1135
1997, 1420, 811
1997, 971, 683
1997, 336, 766
1997, 336, 766
1997, -778, 1036
1996, -1886, 1592
1319, -1998, 1840
287, -1998, 1323
-,-,-
1997, 1253, 1362
1997, 1571, 1623
1997, 1874, 1003
1997, 1500, 546
1997, 40, 628
1997, -1307, 652
1749, -1973, 785
945, -1998, 463
585, -1998, -128
32, -1998, 63
-343, -1998, 466
-,-,-
1471, 831, 1084
1972, 1249, 1404
1997, 1819, 1698
1997, 1997, 1713
1997, 1997, 1333
1997, 1997, 1333
1997, 995, 957
1997, -1385, 1018
1625, -1998, 1205
466, -1998, 375
-451, -1998, -260
-892, -1998, -85
-,-,-
798, 195, 1106
1462, 542, 988
1993, 1037, 903
1997, 1266, 1192
1997, 1220, 1173
1997, 516, 574
1997, -874, 609
1997, -874, 609
1752, -1901, 1085
754, -1998, 1546
-,-,-
1997, 1441, 1449
1997, 1972, 1656
1997, 1997, 1273
1997, 1990, 190
1997, 665, 143
1997, 665, 143
1997, -1758, 1227
1650, -1998, 1952
575, -1998, 1875
-374, -1998, 1343
-1026, -1998, -280
-,-,-
1490, 1045, 1201
1982, 1621, 1252
1997, 1980, 1674
1997, 1997, 1683
1997, 1746, 963
1997, -22, 885
1997, -1885, 1019
1471, -1998, 1081
341, -1998, 921
-578, -1998, 531
-1181, -1998, 228
-,-,-
1505, 845, 1374
1992, 1715, 904
1997, 1997, 680
1997, 1918, 1269
1997, 1140, 1665
1997, 112, 1209
1997, -1308, 1375
1439, -1998, 1712
43, -1998, 1071
-862, -1998, 907
-,-,-
1877, 1367, 1819
1997, 1981, 1956
1997, 1997, 1982
1997, 1452, 1982
1997, -189, 1998
1993, -1728, 1769
1267, -1998, 1450
-86, -1998, 378
-805, -1998, -626
-908, -1998, -897
-,-,-
1997, 1333, 1402
1997, 1848, 1510
1997, 1969, 1119
1997, 1301, 1079
1997, 216, 1094
1997, -1161, 92
1997, -1161, 92
1801, -1998, -169
664, -1998, 36
-381, -1998, 58
-,-,-
1997, 1997, 1080
1997, 1997, 1087
1997, 1883, 851
1997, 1883, 851
1997, 63, 901
1854, -1932, 868
537, -1998, 517
-609, -1998, 313
-1197, -1998, 770
-1167, -1998, 1124
-922, -1806, 952
-,-,-
1774, 645, 1059
1997, 1321, 1098
1997, 1496, 816
1997, 1485, 706
1997, 855, 419
1997, -460, 666
1997, -460, 666
1984, -1787, 1204
1118, -1998, 1433
-116, -1998, 1071
-,-,-
1997, 1073, 1032
1997, 932, 895
1997, 276, 1033
1997, 276, 1033
1997, -483, 1246
1997, -1110, 968
1717, -1615, 799
868, -1974, 581
18, -1998, 590
-1078, -1998, 628
-1415, -1955, 85
-1653, -1990, 646
-1613, -1612, 767
-,-,-
1980, 1298, 1076
1997, 1891, 1096
1997, 1997, 705
1997, 1859, 347
1997, 643, 343
1997, -897, 716
1943, -1905, 1208
1016, -1998, 1252
178, -1998, 824
-513, -1998, 458
-1118, -1998, 621
-,-,-
1120, 557, 968
1827, 1120, 1085
1997, 1734, 800
1997, 1997, 688
1997, 1979, 666
1997, 1979, 666
1997, 1369, 460
1997, -125, 609
1953, -1581, 1125
965, -1998, 1507
-122, -1998, 1418
-968, -1998, 741
-,-,-
1997, 1406, 1306
1997, 1540, 1108
1997, 1422, 797
1997, 689, 346
1997, -893, 507
1654, -1900, 1084
307, -1998, 1431
-688, -1998, 1642
-1260, -1998, 1417
-1466, -1991, 757
-1237, -1319, 77
-,-,-
1958, 1352, 1090
1997, 1808, 1001
1997, 1809, 731
1997, 1685, 501
1997, 886, 286
1997, -1090, 682
1576, -1998, 1344
461, -1998, 1457
-548, -1998, 1381
-1179, -1998, 845
-1255, -1977, -345
-1093, -1535, -41
-,-,-
1591, 778, 875
1994, 1039, 922
1997, 1334, 1008
1997, 1488, 672
1997, 1095, 393
1997, -466, 1075
1997, -1661, 1590
1668, -1998, 1228
317, -1998, 102
-761, -1998, -190
-1642, -1998, 88
-1427, -1998, 391
-,-,-
1805, 847, 1043
1997, 997, 1383
1997, 1094, 1388
1997, 1202, 1021
1997, 649, 864
1997, -403, 1170
1898, -1118, 1222
1096, -1611, 924
193, -1993, 984
-477, -1998, 929
-,-,-
1442, 411, 993
1957, 635, 1163
1997, 968, 1143
1997, 1147, 848
1997, 772, 716
1997, -98, 826
1997, -905, 800
1448, -1389, 980
410, -1953, 1198
-267, -1998, 1083
-881, -1998, 680
-1183, -1965, 501
-,-,-
1997, 1004, 1181
1997, 1222, 1057
1997, 966, 1024
1997, -1, 1100
1993, -1142, 1397
1168, -1940, 1602
236, -1998, 1348
-652, -1998, 427
-1192, -1998, -246
-1326, -1897, 30
-1293, -1401, 246
-,-,-
1525, 516, 865
1930, 936, 1189
1997, 1147, 1217
1997, 1268, 1084
1997, 1051, 1058
1997, 526, 852
1997, -288, 890
1977, -1018, 831
1402, -1709, 889
682, -1998, 759
-54, -1998, 645
-,-,-
1394, 617, 1076
1864, 683, 1185
1997, 611, 1379
1997, 484, 1343
1997, 305, 1279
1997, -89, 1282
1926, -288, 1091
1375, -360, 774
658, -677, 512
658, -677, 512
82, -1711, 317
-782, -1998, 768
-1275, -1998, 1043
-1322, -1984, 1085
-1210, -1531, 961
-973, -826, 913
-,-,-
1551, 665, 1240
1950, 959, 1137
1997, 862, 1189
1997, 792, 1507
1997, 804, 1188
1997, 804, 1188
1997, 403, 594
1978, -269, 551
1467, -1033, 607
844, -1574, 899
209, -1789, 1051
-508, -1941, 1140
-,-,-
727, 105, 764
1208, 602, 1120
1875, 961, 1429
1997, 1317, 1427
1997, 1440, 1382
1997, 1177, 1387
1997, 345, 1298
1997, -1088, 1177
1585, -1951, 1142
182, -1998, 1106
-872, -1998, 815
-1334, -1998, 592
-1446, -1971, 571
-,-,-
779, 18, 922
1316, 466, 963
1941, 1024, 686
1997, 1237, 709
1997, 1237, 709
1997, 999, 884
1997, 778, 995
1997, 469, 853
1997, -400, 884
1840, -1704, 1169
891, -1998, 1332
11, -1998, 675
-699, -1998, 370
-1133, -1998, 284
-1277, -1998, 553
-,-,-
1993, 1126, 1119
1997, 1407, 1274
1997, 1947, 1237
1997, 1697, 936
1997, -124, 1343
1847, -1848, 1959
525, -1998, 1825
-570, -1998, 1107
-1158, -1998, 512
-1411, -1998, 529
-,-,-
1490, 1016, 828
1988, 1527, 1093
1997, 1932, 1206
1997, 1997, 855
1997, 1379, 826
1997, 1379, 826
1997, -89, 1359
1996, -1246, 1832
1173, -1926, 1873
-51, -1998, 1640
-1012, -1998, 1232
-1544, -1694, -316
-,-,-
1997, 993, 814
1997, 889, 940
1997, 889, 940
1997, 579, 1075
1997, 273, 785
1997, -295, 854
1730, -696, 1110
902, -1394, 899
-54, -1998, 1204
-702, -1998, 1314
-1060, -1925, 787
-1271, -1386, 231
-,-,-
1900, 1291, 802
1900, 1291, 802
1997, 1336, 913
1997, 1129, 1252
1997, 701, 1097
1997, 54, 1304
1997, -697, 1505
1518, -1610, 1597
241, -1998, 1491
-789, -1998, 1054
-1382, -1998, 538
-,-,-
1459, 694, 1025
1855, 1084, 1001
1997, 1126, 1001
1997, 889, 1009
1997, 214, 1225
1997, -343, 1558
1997, -1154, 1293
1668, -1850, 1006
67, -1998, 729
-1318, -1998, 576
-1988, -1998, 373
-1998, -1998, 211
-1738, -1466, -81
-,-,-
1045, 185, 905
1624, 340, 1262
1996, 655, 1325
1997, 970, 1075
1997, 990, 1075
1997, 256, 1547
1997, -813, 1416
1723, -1519, 1053
409, -1981, 333
-817, -1998, -12
-1700, -1998, -70
-1925, -1998, -137
-,-,-
1997, 1786, 947
1997, 1219, 531
1997, -164, 1215
1997, -874, 1913
1997, -744, 1248
1532, -1443, 1369
550, -1998, 1513
-526, -1998, 1275
-1013, -1998, 578
-1110, -1758, 9
-,-,-
1996, 1145, 1433
1997, 1067, 1349
1997, 811, 647
1997, 811, 647
1997, -98, 802
1997, -1143, 913
1580, -1924, 1152
472, -1998, 1038
-506, -1998, 784
-1098, -1998, 899
-1318, -1998, 916
-1308, -1498, 307
-,-,-
866, 228, 986
1679, 555, 823
1997, 525, 665
1997, 507, 727
1997, 477, 961
1997, -246, 871
1997, -246, 871
1997, -1496, 918
1853, -1998, 974
751, -1998, 702
-653, -1998, 251
-1476, -1998, 663
-1597, -1998, 567
-,-,-
1997, 1985, 506
1997, 1997, 545
1997, 1997, 545
1997, 1957, 653
1997, 178, 1006
1997, -1642, 1443
1997, -1998, 1144
1322, -1998, 1176
27, -1998, 1323
-633, -1998, 1195
-,-,-
1997, 1616, 483
1997, 1997, 739
1997, 1997, 744
1997, 1539, 659
1997, -30, 614
1997, -1815, 1277
1736, -1998, 1745
207, -1998, 1055
-1032, -1998, 120
-,-,-
1994, 1365, 1003
1997, 1983, 780
1997, 1997, 343
1997, 1942, -133
1997, -104, 691
1997, -1682, 1287
1997, -1998, 999
1682, -1998, 679
333, -1998, -94
-938, -1998, 68
-938, -1998, 68
-,-,-
1997, 1486, 1417
1997, 1914, 1531
1997, 1997, 1709
1997, 1918, 1778
1997, 769, 1583
1997, -1196, 1645
1972, -1998, 1436
962, -1998, 854
-248, -1998, -65
-933, -1998, -116
-,-,-
1996, 1824, 1495
1997, 1997, 1402
1997, 1997, 676
1997, 899, 882
1997, 899, 882
1997, -1195, 1165
1997, -1998, 1229
1761, -1998, 1006
805, -1998, 527
-90, -1998, 162
-561, -1998, 46
-,-,-
1997, 1607, 970
1997, 1742, 1155
1997, 1653, 1035
1997, 1209, 989
1997, -128, 509
1997, -1818, 1117
1816, -1998, 1641
904, -1998, 631
194, -1998, -534
-567, -1998, -645
-,-,-
1162, 658, 934
1664, 1088, 1066
1997, 1510, 1594
1997, 1982, 1664
1997, 1974, 1033
1997, 1075, 945
1997, -773, 1127
1997, -1825, 1226
1661, -1998, 879
815, -1998, 631
389, -1998, 306
-,-,-
1979, 1749, 1028
1997, 1997, 867
1997, 1997, 1348
1997, 1699, 1455
1997, 93, 1599
1997, -1418, 1838
1782, -1997, 1050
434, -1998, 804
-,-,-
1967, 1757, 1177
1997, 1997, 1214
1997, 1997, 914
1997, 1619, 813
1997, 535, 851
1997, -375, 1426
1997, -1361, 1282
1789, -1998, 916
629, -1998, 657
-440, -1998, 849
-440, -1998, 849
-,-,-
1997, 1513, 1959
1997, 1679, 1775
1997, 1964, 712
1997, 1964, 712
1997, 1327, 947
1997, 122, 1013
1997, -1482, 1301
1613, -1998, 1158
316, -1998, 1078
-379, -1998, 1202
-867, -1998, 938
-,-,-
1996, 1911, 1108
1997, 1997, 1108
1997, 1997, 1114
1997, 1846, 836
1997, 99, 1133
1997, -1496, 1748
1770, -1998, 1691
730, -1998, 1405
-42, -1998, 975
-519, -1998, 880
-,-,-
1995, 1334, 1883
1997, 1941, 1703
1997, 1997, 1204
1997, 1544, 1390
1997, -486, 1998
1997, -1381, 1658
1979, -1843, 653
1067, -1998, 339
32, -1998, 791
-767, -1998, 1476
-1254, -1998, 641
-1407, -1998, 48
-,-,-
1802, 1422, 975
1997, 1482, 1520
1997, 1708, 1928
1997, 1671, 1476
1997, 1413, 1228
1997, 822, 1094
1997, -1104, 1396
1906, -1998, 1856
518, -1998, 1028
-1106, -1998, 122
-1442, -1998, -394
-,-,-
1961, 1204, 1796
1997, 1947, 1919
1997, 1997, 1408
1997, 1968, 802
1997, 364, 1050
1997, -1695, 1017
1741, -1998, 1137
348, -1998, 1004
-591, -1998, 591
-947, -1998, 552
-1128, -1996, 299
-1069, -1579, 112
-850, -1255, 325
-643, -1356, 781
-557, -1444, 1098
-,-,-
1997, 1997, 1548
1997, 1997, 1408
1997, 1997, 1316
1997, 1338, 1371
1997, -637, 1584
1991, -1990, 1944
1351, -1998, 1679
192, -1998, 718
-672, -1998, 258
-,-,-
1996, 1855, 1449
1997, 1997, 1193
1997, 1997, 1193
1997, 1997, 934
1997, 1552, 587
1997, -286, 610
1997, -1924, 1665
1465, -1998, 1773
461, -1998, 1426
-430, -1998, 690
-875, -1998, 306
-,-,-
-101, -244, 755
26, -431, 930
558, -278, 1138
1679, 566, 1093
1679, 566, 1093
1997, 1622, 932
1997, 1997, 1235
1997, 1994, 1000
1997, 466, 637
1997, -1855, 864
1953, -1998, 1291
623, -1998, 1473
-1211, -1998, 983
-1848, -1998, -557
-,-,-
1997, 1741, 1248
1997, 1997, 918
1997, 1997, 938
1997, 1875, 985
1997, 78, 1387
1997, -1804, 1662
1944, -1998, 1565
581, -1998, 899
-866, -1998, 72
-1353, -1998, -311
-1338, -1998, -234
-,-,-
1997, 1997, 1614
1997, 1997, 1160
1997, 1997, 1160
1997, 967, 609
1997, -1518, 555
1997, -1998, 320
1987, -1998, 109
1153, -1998, 1
-171, -1998, -102
-1060, -1998, -230
-,-,-
1997, 1997, 694
1997, 1996, 1367
1997, 1889, 1213
1997, 1145, 962
1997, -460, 1356
1997, -1871, 1533
1909, -1998, 1457
472, -1998, 278
-802, -1998, -396
-1244, -1998, -652
-1083, -1929, -134
-911, -1196, 139
-,-,-
1949, 1137, 1440
1997, 1688, 1747
1997, 1959, 1919
1997, 1748, 1718
1997, 868, 1478
1997, 868, 1478
1997, -549, 1191
1997, -1903, 1273
1616, -1998, 949
778, -1998, 293
74, -1998, -44
-523, -1998, -148
-894, -1998, 204
-909, -1998, 402
-843, -1757, 454
-,-,-
1721, 1067, 933
1967, 1357, 1091
1997, 1446, 1395
1997, 1882, 1633
1997, 1662, 1192
1997, 24, 926
1997, -1301, 1286
1982, -1924, 872
1173, -1998, 693
31, -1998, 384
-860, -1998, 15
-1146, -1998, -217
-1083, -1891, -86
-834, -1288, 337
-570, -1074, 687
-,-,-
1943, 1882, 943
1997, 1997, 541
1997, 1997, 365
1997, 959, 1273
1997, -1122, 1625
1997, -1891, 1538
1951, -1998, 1366
753, -1998, 733
-339, -1998, 806
-811, -1998, 627
-,-,-
1997, 1997, 1227
1997, 1997, 1508
1997, 1997, 963
1997, 1997, 976
1997, 1104, 976
1997, -870, 1545
1997, -1971, 1727
1841, -1998, 1557
691, -1998, 898
-401, -1998, 188
-1001, -1998, -260
-1109, -1998, -227
-,-,-
1997, 1908, 1486
1997, 1997, 950
1997, 1997, 1669
1997, 1535, 1873
1997, 84, 1952
1997, -1205, 1619
1997, -1998, 743
1545, -1998, 126
293, -1998, -362
-589, -1998, -139
-933, -1998, 201
-,-,-
1816, 1557, 1193
1996, 1805, 1135
1997, 1968, 979
1997, 1780, 778
1997, 591, 708
1997, -1344, 1039
1997, -1998, 1413
1874, -1998, 879
875, -1998, 259
-77, -1998, -135
-716, -1998, 105
-,-,-
1422, 886, 1315
1947, 1464, 1329
1997, 1621, 1394
1997, 1511, 1347
1997, 1061, 1084
1997, 180, 1020
1997, -871, 1067
1860, -1804, 1163
908, -1998, 712
-2, -1998, 129
-809, -1998, 163
-1153, -1998, 322
-1128, -1998, 307
-985, -1940, 251
-872, -1399, 61
-,-,-
1711, 1257, 671
1997, 1990, 458
1997, 1872, 1545
1997, 1473, 1509
1997, 958, 1173
1997, -612, 1096
1958, -1926, 1199
1028, -1998, 842
-23, -1998, 65
-438, -1998, 176
-622, -1998, -153
-918, -1814, 127
-,-,-
1884, 1366, 815
1997, 1570, 777
1997, 1687, 1168
1997, 1687, 1168
1997, 1505, 1258
1997, 683, 1404
1997, -694, 1400
1962, -1918, 1469
1107, -1998, 689
-199, -1998, 60
-827, -1998, 238
-976, -1998, 731
-,-,-
1997, 1288, 778
1997, 1331, 1067
1997, 1162, 1096
1997, 879, 844
1997, -1, 659
1997, -759, 689
1684, -1413, 753
822, -1965, 728
-121, -1998, 566
-714, -1998, 590
-873, -1998, 947
-963, -1835, 1038
-952, -1339, 1100
-,-,-
1760, 1173, 1050
1992, 1475, 1025
1997, 1907, 749
1997, 1853, 1158
1997, 1041, 1151
1997, -499, 1448
1812, -1895, 1604
953, -1998, 1419
25, -1998, 448
-588, -1998, 56
-654, -1998, 446
-708, -1986, 798
-,-,-
1997, 1625, 1461
1997, 1497, 1907
1997, 954, 1998
1997, 77, 1998
1997, -684, 1723
1997, -684, 1723
1997, -1311, 606
1593, -1929, -15
733, -1998, -137
-6, -1998, 217
-526, -1998, 288
-865, -1998, 232
-,-,-
1964, 1737, 924
1997, 1903, 1162
1997, 1300, 1943
1997, 734, 1826
1997, -49, 1287
1997, -1105, 1036
1677, -1875, 1004
603, -1998, 957
-345, -1998, 294
-937, -1998, -169
-1092, -1998, -174
-1076, -1672, -17
-1019, -953, 149
-853, -885, 444
-,-,-
1627, 858, 696
1997, 1498, 485
1997, 1984, 794
1997, 1992, 1227
1997, 1289, 1629
1997, 195, 1610
1997, -712, 1110
1795, -1679, 826
976, -1998, 646
18, -1998, 627
-589, -1998, 737
-774, -1998, 955
-985, -1998, 717
-1119, -1840, 420
-,-,-
1345, 974, 587
1945, 1284, 512
1997, 1335, 1108
1997, 1653, 1475
1997, 1737, 1267
1997, 947, 1027
1997, -458, 1096
1993, -1691, 1086
1447, -1998, 944
479, -1998, 519
-415, -1998, 245
-,-,-
1190, 539, 1038
1673, 767, 921
1997, 1159, 1007
1997, 1234, 937
1997, 1150, 1028
1997, 595, 1176
1997, -237, 1203
1996, -1538, 1197
1347, -1998, 1216
13, -1998, 804
-1090, -1998, 301
-1412, -1998, 685
-1323, -1891, 1153
-1075, -1405, 1257
-958, -1228, 1165
-830, -1137, 1069
-759, -1113, 935
-,-,-
1966, 722, 1051
1997, 912, 1558
1997, 978, 1530
1997, 977, 1242
1997, 388, 1158
1997, -465, 1240
1812, -1702, 1135
637, -1998, 1124
-395, -1998, 1044
-1084, -1998, 898
-1311, -1998, 588
-1234, -1725, 90
-1073, -815, -136
-,-,-
1997, 1265, 1577
1997, 1772, 1337
1997, 1922, 1460
1997, 1617, 1345
1997, 831, 1381
1997, -473, 1542
1695, -1840, 1650
624, -1998, 1171
-285, -1998, 451
-743, -1998, -299
-714, -1946, -331
-542, -1140, -2
-,-,-
1441, 820, 825
1950, 1554, 894
1997, 1885, 608
1997, 1984, 869
1997, 1756, 1052
1997, 1108, 1236
1997, 60, 1165
1997, -1094, 1116
1389, -1963, 1072
523, -1998, 1373
-211, -1998, 1054
-,-,-
1997, 1759, 1926
1997, 1945, 1745
1997, 1608, 906
1997, 344, 575
1997, 344, 575
1997, -1235, 868
1807, -1998, 686
614, -1998, 297
-466, -1998, 191
-849, -1998, 560
-1046, -1998, 529
-1104, -1998, 374
-,-,-
1775, 1901, 1121
1997, 1898, 1189
1997, 1898, 1189
1997, 1305, 1515
1997, 719, 1447
1997, 123, 1334
1997, -294, 952
1807, -1342, 796
1162, -1998, 908
521, -1998, 1006
-241, -1998, 720
-912, -1998, 632
-,-,-
1870, 1177, 840
1996, 1606, 1200
1997, 1724, 1472
1997, 1523, 1180
1997, 650, 1075
1997, -383, 1064
1915, -1243, 916
1081, -1954, 813
248, -1998, 827
-429, -1998, 829
-842, -1998, 671
-,-,-
1814, 1226, 660
1997, 1191, 963
1997, 1434, 1002
1997, 1114, 826
1997, 375, 996
1997, 375, 996
1997, -360, 978
1977, -942, 864
1303, -1645, 776
585, -1998, 966
483, -1998, 1528
145, -1998, 1223
-407, -1998, 809
-,-,-
1997, 1216, 1239
1997, 1216, 1239
1997, 1235, 1364
1997, 1122, 1294
1997, 716, 646
1997, -175, 554
1913, -1083, 847
1268, -1789, 1105
610, -1998, 990
-177, -1998, 774
-742, -1998, 739
-981, -1998, 602
-1177, -1955, 536
-,-,-
1993, 1280, 1458
1997, 1232, 1800
1997, 1036, 1752
1997, 840, 1288
1997, 273, 798
1997, 273, 798
1985, -402, 777
1512, -1403, 973
961, -1998, 888
238, -1998, 446
-500, -1998, 145
-1048, -1998, -22
-1243, -1998, 183
-1120, -1877, 381
-,-,-
1623, 834, 1097
1997, 1329, 977
1997, 1329, 977
1997, 1195, 1667
1997, 954, 1998
1997, 991, 1877
1997, 579, 1320
1997, -250, 1031
1846, -1698, 1025
1077, -1998, 876
77, -1998, 511
-860, -1998, -34
-,-,-
1588, 989, 736
1993, 1246, 894
1997, 1278, 1378
1997, 1294, 1699
1997, 959, 1466
1997, 53, 1152
1997, -1243, 1030
1659, -1984, 596
70, -1998, -39
-1125, -1998, 319
-1617, -1998, 707
-1418, -1998, 907
-1121, -1341, 717
-,-,-
950, 350, 1044
1525, 415, 1254
1997, 1356, 1444
1997, 1878, 1483
1997, 1965, 1998
1997, 1389, 1844
1997, 130, 1312
1997, -1178, 845
1617, -1975, -182
288, -1998, -786
-446, -1998, -319
-702, -1998, 339
-1005, -1983, 888
-1134, -1707, 1212
-,-,-
1928, 851, 1266
1997, 1405, 1401
1997, 1924, 1381
1997, 1958, 1358
1997, 1179, 1211
1997, -370, 1068
1997, -1661, 1435
1377, -1998, 1274
120, -1998, 594
-1097, -1998, 243
-1480, -1998, 712
-,-,-
1987, 1295, 1426
1997, 1408, 1451
1997, 1395, 1341
1997, 1223, 1137
1997, 600, 948
1997, 600, 948
1997, -107, 810
1941, -888, 841
1075, -1565, 1060
-89, -1983, 924
-605, -1998, 1162
-697, -1998, 1242
-772, -1865, 1185
-,-,-
932, 624, 960
1735, 1084, 951
1997, 1345, 1157
1997, 1400, 1621
1997, 1608, 1321
1997, 973, 929
1997, -161, 969
1997, -1405, 977
1408, -1998, 829
-97, -1998, 979
-1009, -1998, 1523
-1298, -1998, 1287
-1268, -1890, 872
-,-,-
1997, 1564, 1152
1997, 1997, 1252
1997, 1997, 1182
1997, 1592, 1054
1997, -149, 980
1997, -1756, 976
1506, -1998, 715
-122, -1998, 430
-1164, -1998, 820
-1444, -1998, 1302
-1373, -1952, 1017
-1138, -1153, 784
-851, -611, 859
-,-,-
637, 256, 1028
1779, 1362, 503
1997, 1613, 379
1997, 911, 1616
1997, 868, 1919
1997, 1052, 1199
1997, 422, 915
1997, -920, 988
1866, -1918, 1007
788, -1998, 599
-571, -1998, 35
-1211, -1998, 132
-1324, -1998, 382
-1381, -1815, 435
-,-,-
1884, 939, 552
1991, 1122, 927
1997, 1314, 1517
1997, 1309, 1697
1997, 225, 1484
1997, -820, 1436
1892, -1709, 1128
973, -1998, 986
-288, -1998, 628
-1239, -1998, 183
-1536, -1998, 246
-1414, -1927, 502
-,-,-
1997, 890, 1078
1997, 564, 1900
1997, 698, 1824
1997, 629, 985
1997, 629, 985
1997, 314, 883
1974, -532, 900
1389, -1777, 1039
548, -1998, 646
-611, -1998, 129
-1251, -1998, 287
-1291, -1998, 729
-1160, -1802, 874
-,-,-
1997, 657, 1691
1997, 572, 1998
1997, 560, 1838
1997, 83, 1676
1997, 83, 1676
1997, -372, 1486
1794, -1148, 1234
842, -1907, 795
-132, -1998, 228
-773, -1998, -464
-1603, -1998, -592
-1998, -1998, 23
-,-,-
1486, 793, 1266
1997, 1106, 881
1997, 874, 1567
1997, 252, 1998
1997, 10, 1836
1995, -56, 1105
1356, -739, 582
452, -1727, 602
25, -1998, 1004
-575, -1998, 645
-1204, -1995, 369
-1513, -1749, 596
-1384, -1507, 968
-1133, -1387, 1377
-1052, -1089, 1027
-,-,-
1997, 1363, 710
1997, 922, 1883
1997, -339, 1998
1997, -665, 1998
1997, -238, 1531
1931, -438, 940
1318, -1343, 461
303, -1988, 239
-691, -1998, -165
-1475, -1998, -161
-1837, -1998, 175
-1666, -1922, 556
-,-,-
1997, 900, 1068
1997, 392, 1844
1997, 613, 1859
1997, 965, 1208
1997, 965, 1208
1986, 303, 884
1671, -1143, 1120
1047, -1988, 1283
46, -1998, 892
-659, -1998, 296
-904, -1998, 208
-935, -1656, 289
-,-,-
1994, 534, 1470
1997, 662, 1619
1997, 714, 1544
1997, 963, 1334
1997, 881, 1253
1997, 427, 1059
1997, 427, 1059
1801, -346, 1147
1403, -894, 1065
685, -1489, 973
14, -1896, 867
-490, -1998, 659
-708, -1998, 646
-709, -1998, 807
-825, -1723, 555
-,-,-
1997, 898, 1128
1997, 528, 1709
1997, 848, 1512
1997, 678, 674
1986, -210, 520
1458, -1457, 880
820, -1998, 1323
72, -1998, 1343
-761, -1998, 1210
-1007, -1998, 1270
-945, -1792, 987
-,-,-
1982, 372, 1869
1989, 381, 1960
1997, 447, 1977
1997, 450, 1334
1997, 58, 951
1584, -993, 1022
891, -1781, 999
102, -1998, 905
-487, -1998, 522
-779, -1754, 231
-1015, -1314, 244
-1013, -1218, 737
-,-,-
1997, 907, 1946
1997, 824, 1957
1997, 872, 1361
1996, 370, 845
1669, -637, 806
1669, -637, 806
1061, -1758, 915
201, -1998, 781
-515, -1998, 498
-844, -1996, 480
-889, -1746, 819
-1004, -1669, 869
-,-,-
1997, 1209, 1554
1997, 1376, 1327
1997, 934, 1352
1821, -115, 1404
884, -1217, 1382
-22, -1952, 1152
-465, -1998, 966
-622, -1804, 734
-764, -1377, 673
-867, -1290, 674
-,-,-
1997, 1935, 1883
1997, 1544, 1998
1997, 937, 1998
1997, 668, 1577
1994, -369, 760
1480, -1762, 420
554, -1998, 145
-128, -1998, 390
-537, -1998, 385
-853, -1997, 592
-,-,-
1997, 1376, 1536
1997, 1033, 1633
1997, 1008, 1250
1997, 449, 1308
1992, -456, 1205
1337, -1701, 951
291, -1998, 1176
-725, -1998, 1314
-1176, -1998, 1202
-1217, -1932, 817
-1157, -1520, 731
-,-,-
1962, 1020, 1537
1997, 954, 1216
1997, 718, 1741
1997, 1016, 1809
1997, 909, 1262
1997, 33, 1218
1610, -1198, 957
737, -1998, 1170
-251, -1998, 1003
-1210, -1998, 730
-1453, -1998, 907
-1405, -1947, 552
-1255, -1262, 39
-,-,-
1997, 1855, 1510
1997, 1370, 1301
1997, 159, 1230
1997, -744, 1248
1997, -827, 734
1859, -1355, 576
956, -1959, 306
-195, -1998, 904
-973, -1998, 1266
-1133, -1998, 1315
-1091, -1840, 993
-981, -1177, 539
-896, -921, 516
-,-,-
1997, 1465, 1318
1997, 1482, 1435
1997, 745, 1461
1997, -466, 1295
1894, -466, 964
1894, -1224, 964
983, -1701, 588
82, -1998, 746
-454, -1998, 1023
-676, -1998, 1233
-859, -1990, 1180
-,-,-
1910, 1022, 1282
1993, 838, 1556
1997, 898, 1600
1997, 1055, 1451
1997, 720, 1286
1997, -107, 1287
1955, -1167, 1378
1136, -1960, 946
170, -1998, 622
-600, -1998, 520
-1038, -1998, 479
-1427, -1992, 645
-1623, -1974, 909
-,-,-
1997, 922, 1333
1997, 849, 1887
1997, 82, 1961
1997, 82, 1961
1997, -308, 1419
1655, -1052, 1592
744, -1949, 1998
175, -1998, 1914
-261, -1998, 1331
-716, -1998, 615
-1041, -1743, 213
-,-,-
1996, 637, 1473
1997, 1138, 1602
1997, 1139, 1389
1997, 664, 1190
1997, -190, 1097
1950, -1134, 1092
1374, -1733, 945
464, -1983, 365
-476, -1998, 265
-1036, -1998, 585
-1137, -1998, 1014
-,-,-
1997, 827, 1545
1997, 305, 1987
1997, 350, 1969
1997, 59, 1813
1928, -497, 1477
1928, -497, 1477
1197, -1563, 901
557, -1998, 566
-186, -1998, 0
-814, -1998, -860
-,-,-
1997, 1598, 1969
1997, 1264, 1998
1997, 108, 1943
1997, -810, 1167
1840, -1127, 198
1092, -1662, -345
227, -1998, -520
-292, -1998, 34
-665, -1998, 527
-1117, -1998, 337
-,-,-
1997, 1311, 1966
1997, 1228, 1923
1997, 633, 1577
1997, -1, 1468
1997, -1, 1468
1980, -659, 1015
1319, -1330, 471
306, -1983, -177
-712, -1998, -463
-1157, -1998, -150
-,-,-
1997, 844, 1465
1995, 871, 1865
1997, 1246, 1787
1997, 1375, 1133
1997, 951, 603
1997, -30, 439
1984, -872, 521
1392, -1626, 327
123, -1998, 86
-1078, -1998, 646
-1514, -1998, 1320
-1648, -1998, 893
-1670, -1953, 815
-1375, -1538, 1047
-966, -1224, 1158
-,-,-
1735, 681, 1440
1983, 1129, 1406
1997, 1406, 1504
1997, 1044, 1494
1997, 573, 1472
1997, -35, 1137
1912, -845, 1014
990, -1725, 1052
-51, -1998, 1134
-722, -1998, 1155
-1131, -1998, 648
-1203, -1998, 260
-1119, -1494, 120
-,-,-
1997, 1610, 1714
1997, 1406, 1983
1997, 1226, 1889
1997, 686, 1295
1997, -420, 1223
1956, -1500, 985
1227, -1986, 655
399, -1998, 466
-276, -1998, 353
-754, -1998, 343
-940, -1997, 411
-988, -1731, 469
-,-,-
1997, 1403, 1651
1997, 1275, 1332
1997, 767, 1080
1997, -287, 951
1997, -287, 951
1988, -1614, 969
1378, -1998, 914
275, -1998, 469
-548, -1998, 603
-858, -1998, 471
-930, -1921, 350
-850, -1303, 207
-,-,-
1997, 1126, 1719
1997, 1235, 1593
1997, 1305, 1279
1997, 676, 923
1997, -580, 1142
1974, -1498, 1084
1251, -1963, 518
310, -1998, 335
-356, -1998, 279
-756, -1998, 117
-964, -1998, 32
-978, -1671, 122
-,-,-
1997, 1997, 1586
1997, 1997, 1234
1997, 1575, 228
1997, -633, 641
1997, -1990, 1683
1569, -1998, 1358
562, -1998, 1390
-163, -1998, 1073
-725, -1998, 703
-967, -1998, 566
-955, -1607, -96
-,-,-
1997, 1488, 1680
1997, 1063, 1621
1997, 689, 1014
1997, -140, 643
1814, -1184, 954
1136, -1963, 1189
305, -1998, 1380
-389, -1998, 1176
-914, -1998, 684
-1105, -1998, 464
-1089, -1635, 45
-833, -874, -140
-,-,-
1997, 1550, 1967
1997, 419, 1998
1997, 121, 1621
1997, 26, 553
1997, 26, 553
1865, -568, 393
1154, -1287, 465
397, -1958, 778
-128, -1998, 1066
-515, -1998, 1087
-794, -1998, 832
-,-,-
1997, 1088, 1701
1997, 1139, 1321
1997, 531, 1147
1997, -400, 860
1945, -400, 506
1945, -1293, 506
1174, -1799, 428
337, -1998, 700
-234, -1998, 1080
-624, -1998, 1269
-,-,-
1970, 763, 1707
1997, 560, 1998
1997, 560, 1998
1997, 552, 1981
1997, 552, 1536
1997, 173, 924
1977, -696, 711
1498, -1526, 701
547, -1966, 455
-519, -1998, 498
-1034, -1998, 916
-,-,-
718, 239, 1144
1303, 299, 1175
1915, 440, 1552
1997, 444, 1937
1997, 1009, 1504
1997, 1485, 848
1997, 877, 714
1954, -417, 732
1315, -1643, 850
315, -1998, 925
315, -1998, 925
-716, -1998, 1078
-,-,-
1223, 607, 1254
1562, 656, 1576
1901, 765, 1809
1997, 926, 1739
1997, 864, 1885
1997, 824, 1409
1997, 414, 1068
1819, -264, 788
1459, -957, 720
788, -1806, 673
-227, -1998, 726
-935, -1998, 787
-,-,-
1222, 703, 1114
1920, 906, 1657
1997, 1068, 1998
1997, 1279, 1886
1997, 1053, 1413
1997, 298, 1190
1997, -304, 588
1712, -1313, 86
276, -1998, -241
-817, -1998, 244
-1341, -1998, 612
-1428, -1998, 211
-1319, -1640, 75
-,-,-
1990, 1240, 1776
1997, 1491, 1967
1997, 1637, 1584
1997, 953, 1108
1997, 56, 777
1996, -912, 762
1264, -1708, 642
125, -1708, 544
125, -1998, 544
-638, -1998, 1233
-1093, -1998, 1185
-,-,-
1873, 1055, 1285
1997, 1169, 1849
1997, 1639, 1969
1997, 1682, 1745
1997, 1150, 1568
1997, 40, 1292
1997, -1216, 1023
1635, -1964, 482
475, -1998, 205
-753, -1998, 465
-,-,-
1395, 603, 1018
1847, 854, 1578
1997, 1193, 1875
1997, 1288, 1683
1997, 774, 973
1997, 113, 793
1988, -465, 627
1988, -465, 627
1393, -1462, 618
396, -1998, 807
-467, -1998, 1523
-,-,-
1097, 578, 1058
1734, 1091, 1241
1997, 1278, 1903
1997, 1380, 1998
1997, 1361, 1967
1997, 1062, 1487
1997, 442, 993
1950, -525, 760
1950, -525, 760
1402, -1585, 831
765, -1998, 1242
-,-,-
1327, 634, 1118
1892, 549, 1613
1997, 477, 1987
1997, 724, 1975
1997, 996, 1229
1997, 761, 629
1906, -40, 218
1115, -903, 259
1115, -903, 259
336, -1812, 775
-150, -1998, 1210
-564, -1998, 1452
-,-,-
1989, 1167, 1599
1997, 1526, 1596
1997, 1718, 1402
1997, 1507, 1287
1997, 1134, 814
1997, 166, 545
1906, -610, 540
1156, -1485, 460
461, -1998, 1131
-315, -1998, 1511
-,-,-
1988, 1417, 1765
1997, 1512, 1893
1997, 1206, 1398
1997, 630, 764
1997, 630, 764
1960, -112, 628
1431, -743, 611
649, -1712, 842
27, -1998, 1410
-724, -1998, 1219
-,-,-
1727, 857, 1475
1987, 1186, 1983
1997, 1410, 1998
1997, 1636, 1631
1997, 1405, 1018
1997, 188, 736
1869, -1267, 896
743, -1978, 914
-499, -1998, 1080
-1102, -1998, 945
-,-,-
1309, 686, 1578
1650, 961, 1497
1843, 846, 1377
1806, 517, 1287
1677, 330, 921
1480, 110, 593
1207, -313, 580
899, -696, 768
620, -1166, 1023
349, -1546, 1282
114, -1613, 1281
-,-,-
1483, 711, 869
1980, 928, 1377
1997, 1415, 1972
1997, 1893, 1898
1997, 1647, 1366
1997, 601, 750
1981, -542, 695
1346, -1658, 646
482, -1998, 944
-233, -1998, 903
-608, -1998, 714
-729, -1998, 713
-689, -1579, 628
-,-,-
1995, 1361, 1936
1997, 1774, 1475
1997, 1581, 741
1997, 451, 800
1987, -1083, 885
1395, -1964, 950
484, -1998, 833
-114, -1998, 803
-419, -1998, 1046
-626, -1960, 933
-741, -1571, 697
-733, -1292, 668
-,-,-
1533, 988, 1072
1955, 1160, 1666
1997, 1365, 1768
1997, 1291, 1591
1997, 865, 1308
1997, 181, 854
1829, -697, 577
948, -1702, 703
100, -1998, 806
-530, -1998, 1050
-,-,-
1358, 676, 1360
1808, 1007, 1604
1997, 1289, 1516
1997, 1310, 1278
1997, 1028, 1310
1997, 438, 956
1973, -393, 685
1490, -1260, 753
604, -1842, 748
-141, -1998, 926
-574, -1998, 1241
-782, -1998, 1010
-,-,-
962, 935, 851
1631, 1261, 1233
1992, 1119, 1519
1997, 939, 1823
1997, 751, 1974
1997, 747, 1461
1954, 202, 893
1391, -983, 1060
942, -1983, 1913
181, -1998, 1372
-656, -1998, 235
-,-,-
1102, 313, 1048
1756, 710, 1469
1997, 1134, 1995
1997, 1332, 1964
1997, 1290, 1965
1997, 1127, 1902
1997, 644, 1354
1997, -371, 779
1712, -1683, 519
474, -1998, 268
-355, -1998, 577
-762, -1998, 467
-1259, -1998, -99
-,-,-
1997, 1263, 1626
1997, 1425, 1808
1997, 1081, 1888
1997, 848, 1441
1997, 428, 873
1997, -341, 546
1837, -1145, 399
1225, -1933, 393
596, -1998, 552
-202, -1998, 488
-667, -1998, 297
-,-,-
1876, 849, 1298
1991, 740, 1562
1997, 951, 1866
1997, 890, 1865
1997, 383, 1721
1993, -51, 1497
1655, -252, 789
1153, -879, 383
846, -1530, 486
476, -1998, 896
-146, -1998, 599
-146, -1998, 599
-686, -1998, 361
-,-,-
1991, 874, 1984
1997, 1545, 1983
1997, 1851, 1372
1997, 1302, 804
1997, 150, 574
1890, -1138, 526
909, -1937, 299
909, -1937, 299
-226, -1998, 360
-870, -1998, 653
-1353, -1998, 466
-1384, -1942, 193
-,-,-
1997, 1369, 1931
1997, 1749, 1709
1997, 1361, 979
1997, 165, 1054
1996, -1000, 1186
1614, -1780, 1125
857, -1998, 964
127, -1998, 826
-377, -1998, 863
-724, -1998, 634
-,-,-
1997, 1034, 1889
1994, 1403, 1726
1997, 1373, 1647
1997, 1037, 1374
1997, 511, 794
1993, -478, 392
1459, -1379, 433
602, -1972, 492
16, -1998, 698
-383, -1998, 966
-704, -1998, 811
-869, -1902, 622
-,-,-
1984, 1150, 1576
1997, 1373, 1652
1997, 1338, 1611
1997, 982, 1274
1997, 377, 948
1997, 377, 948
1997, -418, 653
1976, -1107, 536
1404, -1765, 448
556, -1998, 572
-126, -1998, 971
-640, -1998, 965
-,-,-
1735, 648, 1516
1943, 787, 1403
1997, 956, 1300
1997, 991, 1216
1997, 880, 1180
1997, 372, 999
1997, -385, 847
1764, -925, 817
1055, -1491, 776
284, -1976, 777
-248, -1998, 904
-590, -1998, 1147
-,-,-
1986, 767, 1966
1997, 889, 1968
1997, 1071, 1593
1997, 833, 1196
1997, 205, 1022
1997, -441, 1037
1734, -1000, 829
1046, -1429, 341
394, -1922, 231
-155, -1998, 488
-510, -1998, 886
-780, -1998, 863
-947, -1998, 783
-1034, -1962, 476
-,-,-
1906, 984, 1638
1997, 1143, 1990
1997, 1205, 1998
1997, 1752, 1843
1997, 1500, 1328
1997, 515, 956
1997, -965, 535
1591, -1973, 461
531, -1998, 71
-445, -1998, -42
-1011, -1998, -15
-,-,-
1849, 1074, 1314
1988, 1130, 1785
1997, 1149, 1998
1997, 1332, 1971
1997, 1173, 1502
1997, 194, 1158
1997, -896, 767
1789, -1835, 227
968, -1998, 12
10, -1998, 153
-866, -1998, 491
-1194, -1998, 658
-1216, -1998, 745
-,-,-
1663, 981, 1322
1960, 1114, 1246
1997, 1226, 1243
1997, 869, 1461
1997, 153, 1829
1997, -310, 1644
1997, -559, 1171
1764, -961, 551
888, -1725, 389
167, -1998, 690
-263, -1998, 740
-642, -1998, 546
-1156, -1998, -199
-1390, -1998, -323
-1299, -1947, 35
-,-,-
1982, 829, 1825
1997, 983, 1998
1997, 1164, 1880
1997, 980, 1355
1997, 184, 898
1997, 184, 898
1997, -745, 837
1864, -1220, 632
983, -1849, 612
219, -1998, 553
-315, -1998, 469
-816, -1998, 363
-,-,-
1657, 715, 1238
1995, 1073, 1650
1997, 1337, 1983
1997, 1383, 1765
1997, 1273, 1408
1997, 689, 849
1997, -1028, 853
1997, -1998, 1381
1680, -1998, 514
246, -1998, -763
-912, -1998, -579
-,-,-
1790, 846, 1514
1997, 992, 1859
1997, 1430, 1998
1997, 1189, 1998
1997, 981, 1531
1997, 981, 1531
1997, 32, 1371
1997, -710, 1317
1997, -1157, 640
1981, -1813, 147
1321, -1998, -299
386, -1998, -256
-343, -1998, 16
-,-,-
1885, 645, 1314
1997, 1010, 1905
1997, 1225, 1641
1997, 1290, 1597
1997, 1081, 1045
1997, 404, 411
1997, 404, 411
1997, -546, 327
1918, -1326, 291
1256, -1920, 525
476, -1998, 788
-244, -1998, 954
-586, -1998, 1135
-,-,-
1997, 960, 1686
1994, 989, 1784
1997, 1021, 1622
1997, 1060, 1259
1997, 896, 1230
1997, 164, 1141
1997, -653, 1075
1878, -1053, 742
1323, -1597, 562
567, -1960, 358
-99, -1998, 462
-540, -1998, 1093
-715, -1998, 1266
-,-,-
1628, 731, 1357
1959, 856, 1605
1997, 1335, 1539
1997, 1649, 1613
1997, 1666, 1453
1997, 1013, 1127
1997, 21, 756
1590, -1006, 777
809, -1865, 882
520, -1998, 1337
88, -1998, 1511
-,-,-
1984, 1119, 1358
1997, 872, 1576
1997, 751, 1808
1997, 821, 1539
1997, 504, 1275
1997, 128, 1006
1769, -326, 907
1137, -1273, 1052
1045, -1983, 1218
504, -1998, 633
-424, -1998, 61
-424, -1998, 61
-1138, -1998, -163
-1209, -1998, 413
-,-,-
1817, 786, 1408
1997, 1147, 1393
1997, 1335, 1932
1997, 1651, 1700
1997, 1325, 1487
1997, 826, 1139
1997, 269, 727
1997, -737, 743
1721, -1585, 709
974, -1998, 651
974, -1998, 651
128, -1998, 553
-641, -1998, 737
-,-,-
1869, 274, 1603
1977, 956, 1627
1997, 1356, 1748
1997, 1418, 1650
1997, 1006, 1347
1997, 175, 1327
1997, -518, 1291
1957, -1107, 901
1403, -1781, 630
815, -1998, 628
245, -1998, 512
-,-,-
1993, 953, 1651
1997, 1159, 1810
1997, 1383, 1987
1997, 1575, 1545
1997, 967, 1190
1997, -354, 1020
1980, -1378, 785
1395, -1982, 588
542, -1998, 277
-266, -1998, 281
-671, -1998, 449
-,-,-
1889, 628, 1750
1997, 943, 1892
1997, 1348, 1645
1997, 1353, 1340
1997, 857, 1191
1997, 857, 1191
1997, 218, 846
1997, -550, 536
1913, -1241, 363
1356, -1648, 408
650, -1988, 634
77, -1998, 859
-375, -1998, 841
-766, -1998, 682
-888, -1998, 737
-,-,-
1608, 863, 883
1997, 1019, 1457
1997, 1220, 1978
1997, 1565, 1998
1997, 1626, 1766
1997, 1128, 962
1997, 192, 429
1997, -1056, 427
1780, -1913, 578
1116, -1998, 541
382, -1998, 588
-227, -1998, 706
-227, -1998, 706
-664, -1998, 587
-,-,-
1867, 915, 1509
1997, 1260, 1477
1997, 1293, 1388
1997, 1192, 1449
1997, 969, 1052
1997, 302, 686
1997, -564, 714
1997, -564, 696
1983, -1168, 696
1518, -1525, 824
681, -1980, 999
-128, -1998, 1068
-,-,-
1544, 1066, 1129
1995, 1451, 1691
1997, 1600, 1998
1997, 1199, 1998
1997, 792, 1873
1997, 524, 996
1997, 524, 996
1997, -224, 454
1902, -1332, 471
1511, -1994, 616
710, -1998, 579
-202, -1998, 327
-,-,-
1967, 1226, 1614
1997, 1369, 1895
1997, 1275, 1949
1997, 1022, 1845
1997, 828, 1188
1997, 155, 747
1997, -786, 836
1840, -1436, 788
1165, -1943, 772
600, -1998, 717
95, -1998, 691
-247, -1998, 867
-,-,-
1985, 922, 1928
1997, 1535, 1998
1997, 1893, 1998
1997, 1465, 1956
1997, 530, 1560
1997, -530, 1316
1919, -1446, 873
1375, -1984, 631
769, -1998, 442
149, -1998, 345
-,-,-
1974, 747, 1583
1997, 963, 1600
1997, 963, 1446
1997, 1058, 1446
1997, 581, 1177
1997, 40, 845
1997, -626, 674
1718, -1337, 791
893, -1933, 770
156, -1998, 718
-436, -1998, 618
-915, -1998, 655
